1000
447523243 903366755 7788788
512833122 965478866 2232989
246146970 853966741 8120757
199587938 525127067 6900451
732799304 751774537 3100365
27152109 224464904 2753349
775622164 889722829 8597125
664195187 854240947 2225169
205289353 423848826 1589905
246343907 549246459 7742406
772017558 855176155 6466151
121144221 225953553 4944776
561904254 743107461 3914715
372365290 800719954 7260772
822176664 891674644 5528575
53701528 338807535 7732167
411628123 494066069 3771194
58651234 877516699 455225
20008274 857173220 7469992
462460315 853408115 2002526
632386481 885631433 5225265
601702534 881601648 5164591
609594432 958515046 6980717
926518353 978570545 6712053
405142409 957533766 1050295
72449978 377172598 512647
186588405 755587675 1102224
338399948 601737992 6159429
137077726 638304488 6937782
36225269 495054159 7965652
985805820 998768101 3700485
107456794 810504188 3355291
781869247 995896732 2670478
862501537 960987496 6192510
793950507 794054163 9058933
440770461 458346732 2909786
984373154 994824712 7583376
129593940 921182318 9759682
241521039 723459238 2666814
811996184 991272692 9021048
862612591 913681195 2744965
456375418 608253666 1857838
897093800 935800405 2287088
317241569 871230426 47998
626901535 819037675 1501863
897471806 997301680 4604584
2771433 212054289 817744
170432539 483686608 4112907
366684782 568589100 9313829
559177162 739523340 1701990
621860117 896473402 6990294
865533518 878580539 8249807
489461410 618828519 2734626
638350333 757798802 8900084
230840319 420087051 2849712
246996746 334250258 5155218
230497031 664851298 7937204
954224267 964633828 3104179
844012865 885646411 3720767
2941024 228627916 5596076
475812576 479445092 5371750
887005149 973537357 93271
859662062 879631852 6494616
672518045 889171743 7005069
397013254 408534960 1541817
231610553 305610830 8432359
433756376 815761713 5937282
102331755 643582747 6717749
954450444 996156118 1641501
405814136 607137763 4322238
49201887 71392422 8692476
40768652 623316482 6197946
79062278 665907355 4360699
776122777 934054932 6311694
155778950 933482973 1324214
612637147 831172293 6944840
291715514 832835229 917548
135081473 686109206 9418970
650405171 769685994 5047189
472163994 767891990 1739930
943786594 992135770 7077889
385075786 697080402 5754361
924753827 997736933 649394
642390532 961842444 893443
124145142 515990833 1132987
238777762 320062181 2025496
429030865 824390339 7888601
12362214 83905943 2322026
238630455 813483192 7225234
826698849 885530488 1529783
725641847 829746330 3903884
879833091 991077204 766023
921646729 965121920 6406960
70105074 933333163 347305
877662343 910059887 466304
42749550 268836855 6435370
365930199 828888350 9484085
105791083 360369901 4089494
227571887 573779734 7646365
659039147 703071032 4896691
474361460 479814893 8372531
111864815 780232871 5681402
338093143 981694458 613376
9877863 787219989 6030360
895389090 933160259 5581233
114981426 230493461 7897381
565963613 835709973 7837818
84449901 891611219 6043684
869346114 925870672 5238187
412455585 601729437 8549563
237142412 540368855 7204112
596781533 931021118 7690164
905565778 949511778 820750
615530583 773270909 2562996
209854884 250187168 5393787
134222209 495687403 9512379
495543824 988016776 8273726
240046377 738510351 2882268
668301913 760536287 5268391
126690905 806293361 9140541
454540374 676086137 9080593
54307578 253419204 3211858
611128159 970714415 2132663
253741142 729992241 6605910
352779685 677384354 2256467
802459444 986835158 6849034
426470434 616636157 7907069
837140604 995186644 9609010
586817059 909363543 4475971
567868034 686255362 6526669
144973864 227411483 5774852
939545145 991436691 3008020
769284854 907927198 1733650
203062863 744153269 3266869
566671363 782608384 5934088
491462746 814817577 5761873
718787827 939012615 5320553
218926787 621585064 3921332
516405922 722791441 3875323
133684925 873640882 7590484
175861204 738448427 4409954
772957385 851167579 4072204
472446823 580519767 1929856
315944009 991706885 2108442
434036082 533131387 2905484
519362932 557889498 864855
9340848 260150785 2894833
936087916 951211090 866741
855699921 986468807 5020393
136091190 227680311 8915710
384515654 590433163 5745883
370226561 802561264 9011532
273750677 873772331 3704818
546366657 743103499 7389892
520418400 631293193 7490942
813724871 863562819 347287
838553945 865269621 1310351
418241939 623916853 9242810
873470262 949982669 9571920
244833497 647865758 5894885
710563800 814124042 2373282
565820726 769476495 1341642
90979100 129492294 507513
493392604 895991790 9071256
904050903 995103314 2355707
220361824 795476231 5303855
903331294 955400034 6240342
147423470 950171123 1621541
486228292 999402732 6230498
7103186 224944211 9049210
356654121 904273567 4334841
375534153 972778630 690711
247532034 922334516 5623443
991576181 994987787 6973324
430023230 544801064 7739557
156452749 180258180 3584907
43272386 218882131 930491
367134912 502124210 1922720
345653322 857108469 9957588
100485041 415895848 1195699
958059311 974666547 4030463
474464711 607254676 487872
929402472 975534256 8101299
229751878 412165455 3026389
798371575 844458615 9864819
992453638 994197019 3294285
489781546 983756312 7940259
978533035 989695502 9210956
386400745 854756552 5248933
437773410 592298789 6228474
971238531 972981205 2489016
109941941 394880536 9351812
631345585 923451217 9455250
496678909 704758344 6672720
704517462 919787599 3057467
457228722 794174905 2745471
819043536 971487275 7276333
898477436 921786246 1741993
176764513 507246502 8389802
923261311 995729298 9131860
302786873 368762738 2956381
208426249 398788086 3270710
806196780 886368352 7297460
523891857 787028668 2340781
387281047 944406170 8468861
400549713 430295327 6780668
518938758 878523333 1322944
75291998 773520001 9177415
847745506 882119914 706652
539018227 597620513 6830929
124440426 973379126 3686501
549407365 699578845 4262772
507973483 921864830 7829053
486845383 723472776 40673
209702922 600631734 7324529
107964560 627502399 2761114
422846240 794063553 7367383
60776318 892801731 4602286
110788767 430570480 2619621
999927810 999951562 4131251
239164948 271046814 9797076
638071958 985137561 2911753
306559144 895427210 7395829
939863831 943661787 9242445
848471611 907879781 1248211
145006644 598067259 29084
494712080 533684308 1403018
930200594 967116592 3160842
749989088 868669779 9341288
172343986 750794077 2634978
60945786 795682598 8806466
545282049 824473513 2772127
10056465 647733689 6705049
734383071 958608925 7879339
490550022 703893594 2621933
956426168 960866090 7956311
478440297 770433420 2041184
340968182 516943867 9536026
226413965 719043503 504720
470998453 597829500 6262542
575984141 817120970 1768366
805679791 829096122 159145
310844005 435249018 7531747
104733741 291847147 3492537
309903903 894339621 8202213
847961036 941005594 7606562
524601861 804397175 9606740
258011037 271725224 4758619
696980776 698642735 4461147
308322559 408674220 1142949
922291119 938036986 1193348
119045688 309641616 6196239
355643324 700032098 2773980
768710810 804117561 3082151
748534438 953752646 7092935
309379469 788783983 9146114
504975314 800894445 4850086
238238468 816210840 4616816
765386280 921496576 2946471
247793600 736159296 8447992
283923461 492388238 7547116
587007527 723308745 1230618
940675472 951673941 1336544
387465978 584383220 7657157
239529802 485033722 9021397
229096381 446500003 9144854
126899912 672487815 8423523
123519075 537311137 3219923
780937926 924634243 8654461
192578305 228104242 7082792
791535664 965161983 9351125
201554995 320746336 2910625
659779480 819937780 6436593
349612411 481778418 1485032
997212940 998148636 5467150
893598103 963715287 3159360
429645291 984140753 4371126
191738230 240079192 3689538
740969665 946816045 1906845
654256601 750838345 4249814
359445505 678864112 6406464
77573525 824276880 8985845
214104805 811022762 1601601
73098857 161460034 1434653
730743940 731677169 4933757
879646450 990974864 7168149
420322095 588366510 7789551
549684526 877899142 6101987
309135937 667546282 3905354
851609389 866476586 919434
759734167 932086181 407377
635309136 689291595 7801225
916913466 987887969 2341626
484690437 669205920 1675537
339399851 948179244 5583043
330850717 694837324 7633670
444910155 999308183 1227988
522713558 713879767 8454585
754286645 798150060 3199830
690634796 931601220 447971
403793305 987458965 15123
744798484 944292145 9452389
327851593 984428236 908495
459529637 482529513 8487359
674797660 965829699 4981990
141053342 253319553 9586895
859174549 895534827 3800103
897253258 983499398 7637579
486889949 500496767 7448432
266175348 831446731 4619392
985436393 990917037 6394250
35228849 676972697 4315981
772376426 919841550 2076359
712556536 783464388 7984475
392974343 514663636 4405850
535767663 780409995 1674527
642319879 692584582 7284343
590799850 986578984 9643538
232082614 407691540 2459692
864209345 935114361 6190766
393938531 885517187 5418111
302096972 889666861 9109805
641208275 934313736 3619656
119523593 751199381 2196606
409977649 686324234 4520912
113028954 355398736 2397192
928411464 999121420 4988203
788503283 855844205 1765154
829460817 975236442 2619987
313454026 504653920 7431507
834410710 933338642 3685126
852226800 975463583 1748423
260040230 906573463 8372066
933996570 973905838 887058
841638533 972656157 1821630
769904132 911751200 9540264
381898391 424630694 4461388
842410519 903490394 4006684
4087441 405200315 800236
953063872 970634743 6947993
303223284 951682415 7227475
938444196 955108709 1513887
181812415 852743280 9410525
444911279 569998124 9383295
569123591 782908007 2169007
910964334 925454723 5774360
577828779 967064433 5280145
749935829 883760838 9813588
700673818 995515285 2663691
717292910 867538654 513758
726682373 839825317 8147518
926866298 998131823 7652645
200906280 986854753 3926021
460020371 625006838 9058966
54943920 199317783 1001676
435196776 628685782 359829
192952938 226820675 6046000
553381685 962806427 4221885
442143702 862396905 5198425
92507412 802840507 9415642
563171363 801674079 9426068
438688053 911502766 1541284
174212017 329925767 1782324
280121233 589294251 3432893
818371602 822320774 1057578
502783950 683416174 6584045
728351132 851750112 4850531
913098905 960418282 5468061
920666099 934083806 9387619
650627227 821982847 3988113
728768590 743531638 6685471
747944896 760799053 884330
593817792 768424132 8345888
850614109 981355864 4967516
910394026 952568725 6965333
995902540 996417121 4228780
366934745 743180141 7642041
857917063 990586022 122605
464893856 699294342 9265574
998344777 999692143 904444
745111086 781182992 7673336
169422904 995010820 4929081
195887332 440232515 4068966
370245240 973757872 6695559
74855069 545184414 4656157
174199632 251206580 8329607
859020182 992687770 7247774
757600681 994044826 355472
663400093 687055115 4708186
81873821 316668976 8819826
67174683 653573171 1471755
121507985 908315349 134893
857169121 914621832 5280342
891342703 941887264 5810412
213233637 828023515 2134815
553261031 950520912 9914887
589914500 594283543 1733164
808752797 920435460 2370872
499431086 609078998 9518717
105111874 882727881 4689628
566696989 911625437 4872555
329344180 732953999 9939182
25092907 345146804 41856
629549613 729089590 4267775
32182358 853551546 6848278
68523504 156274089 3917945
248741768 494237218 7289907
382150176 843731040 8084373
648408269 656155603 1381283
899063339 951811832 8699033
482620944 861346601 3997143
975870790 989694277 1198807
460544352 890124850 3967358
656785772 699342486 8131939
214213675 864385070 8045922
560221702 737937918 1283348
406481866 626224936 2126854
507847885 933586630 2789694
230478232 397680901 7750269
883930093 896795924 361006
85371984 420718621 8341260
526358166 931473294 1059559
86867019 280296975 8423043
817979549 965921653 2969115
385067125 940780173 2938969
359933434 994176185 8982124
314329731 821149927 8635655
947352629 968182201 8983524
140332919 659131605 1081767
876950439 893537536 7736370
810607838 849700110 9239885
107100956 553198281 5189671
167964143 258541528 3186596
16754961 796300856 7951857
813295816 950757565 7456973
7332447 795191807 6201879
824317126 826479942 511349
701292738 955607609 5776053
641921776 992721115 7778613
768143707 987111232 3220088
969078448 976958053 1506607
717980850 860206556 1516765
784535069 878163169 3540198
828981447 976451324 5655078
724570692 829333909 986974
895855620 900410797 329373
826580991 993671848 320244
667398576 790329944 475149
337231027 962709706 7595904
935975461 951452567 8837630
16778779 434816970 2890665
443108869 498940952 9132720
226924964 493880012 6282760
523297002 534927571 2576730
662073992 713624706 1789185
486294218 764961615 8880036
880098068 896222472 5296221
865166510 924843133 2891747
604752635 940444823 1969068
107444031 297728744 4643860
478389868 967284233 6164315
580992760 822092502 6493724
887052088 946537174 1744401
928245381 952197426 9503677
918989691 950038517 1067983
724214215 985642207 5813852
663653270 954287318 3788488
875458086 917431168 647026
480936518 511043916 5637885
133441897 802936140 9402704
652498495 668815269 1895453
188991294 839220509 4372759
537212737 756073195 3398044
952262052 953767627 9907063
981460693 983551975 6166546
158405998 557686523 6172072
640830050 682546793 6574550
537615833 665207501 2119078
430965582 502432781 4920155
942565310 951048699 4999985
364081421 427588372 3818443
813284632 853659353 4433924
121604591 512298310 2239842
962841435 989733247 8542933
961478832 978409147 7434893
972936098 984950027 5312525
420241941 782008637 2214467
478923647 666175709 7909449
57313266 689174439 7645219
777248121 895184705 3222289
531566225 764552383 3429327
861883999 888003218 7140824
109986716 836752807 7524872
466081373 870916626 2380468
738234058 885735342 5918731
297507614 352238623 7082719
741672545 776530880 1223979
406253168 610285680 7301742
639784056 903631210 3173040
949158868 959759295 1256912
168116277 356713188 8052079
219155144 916102726 6291978
253479186 508482626 1183402
261549965 441386769 2074674
18020010 403261553 3737258
469127760 617678682 9307817
303303201 934484796 4160155
252576752 964866563 3645853
933968291 949636792 5158952
349124066 379397544 8883134
105464228 843000255 3892312
9945403 66873960 5416896
309118169 974230887 7170472
85801485 709551940 651410
511762649 553503264 8622697
926631732 998788474 3053405
991866452 995132376 6914907
529891134 988851216 8744383
502523872 509566945 8265227
546640284 626211321 2203081
271979348 294270901 3504874
836537690 946361468 7756471
927942835 954785303 3741999
621065313 795911413 1880687
241869722 936898541 8189807
661164222 754004579 5676604
114928888 516320530 7869434
433706769 998216700 3902540
714061932 746883140 5786744
999534419 999957933 8680935
990067942 994659728 8689989
669168772 697278200 311154
767795404 816158074 4059786
525334245 676147585 3774500
690963719 787986391 7042461
905484085 967044666 6566151
184907294 429877840 6952090
347939608 516329139 4202930
264062561 546855852 208322
849167513 944025378 2817349
741863726 932856272 2858132
655371123 913656247 1403174
69946362 618896333 2769065
155293348 511932695 2850682
835236178 847232042 6638422
263869035 314389550 3830246
301330988 620215462 1839613
663406523 917256181 2282888
263434125 631981748 4403251
336403896 737770128 3576112
363012930 817532409 9862552
218816309 837883884 3658596
638531532 825972976 6397170
118723639 309331316 2517651
228268688 774321888 4384012
33281898 524394230 9233177
26474326 532363725 1256399
543216042 614727063 5030771
768780868 817889021 7797662
545840401 639167539 3443396
97500431 660124104 1602551
126440687 412940010 7860872
476720225 943970813 8942407
229671080 294572878 4357527
330883560 474124346 6955278
597322404 856678055 4628957
779530098 848463536 2703924
314853659 330723467 7214808
279113397 324589888 8592555
832286491 895874159 4371794
531088533 617218789 8456774
90452789 418833501 7911521
173574247 398223623 1045080
826748987 829766229 9840796
596364056 994155141 185872
981321547 996657365 7303712
734991671 914105432 6748437
900074538 916644785 1168323
300609468 811965287 8373342
59979036 623304921 641686
935172516 963700393 254548
607961672 851942749 4419361
816595002 999914669 1327274
492230798 942134064 6470746
630887601 731105885 5835260
656347035 931708728 4832743
486554827 763724712 1276454
891115800 931575347 2399766
531927115 712405252 7320296
890530894 962812996 8048409
581422310 672913967 164024
809041622 921975327 7230983
887183990 898879803 9390567
404684408 996471516 6028175
52026773 245129051 6406007
124780992 611823629 8786815
837809332 965189718 3240763
364941863 931255238 960373
402704838 761764181 5431217
104421293 861016332 5884004
630703766 971572305 2889245
948615604 995255508 9924426
431357608 964735530 5777127
834322206 864200564 2417200
583088728 764450402 6195894
581499103 881835898 504034
47701049 388101495 8285517
429389816 606948452 8945265
113649173 822879730 6777765
915292627 921055030 3481062
70004746 686191152 5584460
291935552 387031441 9485896
191946698 260534558 4515966
373241826 752952666 3906513
776919449 915922957 9941121
208927657 840390670 9777004
609025555 622609002 9836358
41797952 372297154 9694962
27622456 468530718 9500222
661260486 699540893 3236262
396216512 442308524 8668538
121754118 154460590 2634479
641727564 916018552 6396807
430522999 907921613 6813525
474580202 885199095 3838216
331504676 718276557 907454
516895105 974405943 236308
495773075 736669967 7701994
597792271 820538114 7818322
102314702 496368034 5056300
727759622 767357194 2655699
174532790 912425381 966763
72039481 583759981 5716016
56643862 821375335 4089945
241729344 687852060 7114341
958442392 987670630 1143922
923092470 988020351 9032557
608343636 738194579 8643768
284886368 526609760 7590046
959356785 969001981 267309
149361177 615184995 7719495
42103393 713174194 565265
844537211 924983272 9790599
32702694 138711994 8122717
996366613 996635146 8161905
591583060 622200908 4370176
744578984 863763429 7681630
517267600 612663240 5074265
896575103 997834816 5463826
508492503 997675426 8529653
517647217 602949109 9462035
94134156 975709260 90762
645885397 926219148 1770054
800522889 873633928 8069812
608636454 808150941 4835019
782568380 975783366 7824367
18223450 398461947 2281242
647112217 997214806 4797909
4582483 153495227 9353566
39743296 972864335 3752345
24574270 494126393 6939922
67605001 737158268 1828931
667425086 894249383 5235419
217901518 335230822 6779437
919249510 976944599 6450213
183957383 965865734 2417983
721237824 966431482 1948032
461140318 986985144 3780327
812834895 925705144 8733501
981590846 989230309 5507420
462909407 840866083 7888453
849351594 909206518 2693780
835887869 863790454 7267001
1228187 752542116 8713859
839054639 856184699 2159696
527287299 934846004 9112853
649688439 920297112 6157293
642668667 811002774 2504942
551768771 561569809 7153664
412770162 586986308 4441313
554476635 689228633 730527
659903045 711292149 8574383
92622042 603163409 4104165
677361540 874767221 3465089
399789801 873967779 9705482
781167210 792299296 2178088
472308516 871530109 3784516
932377554 976936790 1923988
110276208 832184093 5086301
991131130 998228415 7486226
7375778 710448797 9864598
295573726 915947946 3000266
417197136 720866108 7243323
467826006 835346087 4608249
719131304 937810870 3303687
692898725 731286224 6603115
923500957 965124239 2301370
274767236 530572030 9285052
744201274 758872865 567033
979943610 984064666 1696464
580042573 775524450 7134694
464486553 922353495 6329232
173028121 570012965 1662977
73969619 501599219 4822246
837809763 945000830 6295230
20654542 108581071 6357500
261822722 963176799 633190
239968962 641652086 4913329
652094772 967972402 8788019
795980470 869316166 5470044
78221499 138246372 1490983
192477305 869216401 7859780
330836856 690731481 5554222
110407949 846556405 8052960
836525819 861795100 6642164
805059955 931318726 3056459
349185595 418564624 1645065
720038841 788109798 774539
47227630 579496512 5566643
750745583 790841819 7088772
273358036 394120303 5519762
663471516 887154236 2585399
3977518 283141736 8570490
299563887 766713100 4916544
820570205 888191965 3769870
222070778 564362430 8697998
257788113 591230898 8857625
512648122 647723004 6822756
28963500 187095340 3959474
706819133 795720384 9050641
181316178 755187674 9346703
88150866 904351662 7653484
568440853 569266127 3549737
104927705 663995972 7540371
306096214 434116935 5908626
48618795 785298859 3078116
212114938 538376011 4071699
953989258 976327081 6773180
79392115 202585350 1587594
1201397 758376435 4812271
630022772 903612990 5777410
301352407 511897610 1384840
670637306 914454416 262164
496646436 923704882 700995
658095584 944493044 9242494
912666117 978611633 1193032
308915907 504756895 7426689
16942659 669389163 9565481
600897781 714395181 3898240
277593006 964280901 1049630
64534812 328849439 183894
188876768 209758576 3649151
407846414 462906157 8105464
850640683 904819301 2780547
397102166 961605420 31052
842835603 898358877 6193976
365920644 663256945 4834121
490239448 704727871 1596739
696007406 836462789 2146128
371366220 924146724 1853144
348392116 464012151 5309002
412413324 681262695 1827965
123440500 436972030 7245314
494092163 842540505 6963707
258553751 603964891 8048581
371582399 469723473 4411301
246904687 361479213 5846712
334534519 360276135 4248653
598837585 856258170 5412730
955140026 960273494 3186436
820057898 888132358 6311674
625043111 853847946 3631633
751869718 881005696 7137946
281127629 580579438 5461812
521714943 677250258 6424966
906771971 939979216 6492957
615519138 620686548 450894
814415867 945136280 2094759
873489467 916515846 1515339
672703271 969460166 6931674
662505552 980308801 262704
675057958 685759935 6141472
943215023 978894827 4492271
796390385 817124055 9963718
181998029 890028660 4588879
974744030 998124248 5436854
212321640 665763472 6037068
239621426 247872581 7594483
341492133 476606593 4394670
839646899 961414434 6075094
594573244 733271630 4036588
121604498 500002818 912392
293467690 700567598 4910915
431525539 481076372 4156608
582079597 746214427 6662931
407456850 748119201 7174717
388667999 805709545 1910394
766488572 914083639 8035334
607227814 657681550 1041460
87419679 376789403 7961058
947631617 978282422 4252593
132767749 170430370 6603667
861449116 995695301 2637688
2223413 113146731 5639894
726780620 969555188 7065916
163565369 509600705 9701024
361714512 453033339 4534845
179785303 425878814 4890642
540614226 942710395 5473633
341294148 405074584 4932798
319006929 366158512 793746
865889969 935656905 7607198
569543143 941311931 3165018
571287515 772170934 2372945
479052944 598613893 5392958
903101682 967256504 7852568
792580021 795988316 2773592
538290712 690164835 6852881
829777886 975165947 5556536
24996761 411507454 6513330
184192510 201607763 1800060
698043174 778928907 5842825
378089513 779645876 2564014
619064866 863731839 9678387
533494619 947443240 4271070
701648331 770554386 5579034
544235983 914663025 9645825
903240147 970246452 4161651
695829397 828532795 5647753
671193079 998014780 4028919
804215596 877290743 9526853
394330758 981040565 8228705
554554510 654837805 2441595
370328137 505280147 6682665
776036849 848588845 7116739
693260584 916383315 8191743
973272472 985310723 4309671
876653714 883655660 4282378
624177540 988505505 4112249
456076095 954733192 3319650
869834855 970158712 8292724
632634283 920326044 3467212
877702931 943332365 5648279
718486378 896702463 5976373
779899282 795372395 2503357
376596674 796911849 9587697
728476866 811552072 57857
327832550 736001708 9067701
469350376 781085528 5881042
628751221 813775714 8921682
203205534 786887689 1194322
42448083 813748938 8833332
857897498 986748438 9353460
420306161 984703107 3880603
516909513 675663860 5584981
784809403 851719896 6448025
861035985 870767520 5286746
189910884 800669912 8698956
347666070 993086857 8584204
88136608 969961225 6612700
555281998 850484629 9751472
907217031 949617602 3555383
95095408 309948861 3892907
375217212 635363854 9899276
280362533 340185993 7350677
950262160 974489054 8703238
744757585 964316416 438044
815644183 917704363 5232203
607086118 927067570 6930715
389926200 568159155 2383796
729865334 935660615 7881466
348332285 648415271 1354702
203700246 608602523 7876169
283153254 450815274 5607953
175686311 621067622 3434648
125852295 593651826 8244064
686770949 844615488 8747546
396021592 972075183 3450305
313463574 584046795 7549562
19845919 995525223 761438
12181349 716476598 8505213
861576045 889674445 3353787
84844086 979441280 4206169
52521465 844370913 6804282
482918948 705188933 6799316
394361356 782507381 8272973
585636908 830463715 6848033
843256099 938246829 3062778
46448804 499993577 7648632
151068482 439911506 5984404
928236884 979716079 2003316
31586829 153678613 3445688
461006382 922851270 2488241
189014597 242197101 6826630
500119744 740855918 4933798
480416328 513902816 2604066
865376774 926518162 5989441
879136019 985743960 4402667
338601211 790432616 5629505
409198039 414852277 574202
837565687 985540091 7669592
159603262 664796009 1800029
829775905 940085347 4916097
654659741 841632082 1566997
513928519 974335069 8967455
810620644 890430239 8371789
197515687 429068488 9863383
179040441 216982797 6333917
49162066 948497107 910639
991845853 999098114 854784
643988156 792389924 4502376
639920581 943727127 5095505
7260925 892555631 9367961
504949716 518062904 2313100
400017284 632910763 9255821
486032244 828322214 5894786
70538594 532614157 4847838
626349670 905757387 8963677
434119570 504304734 3962834
963387454 966195638 2251926
669009960 807152351 2760950
496506883 574221401 9861172
76576350 963994446 2117753
733938592 953973595 6591047
962567153 968474397 484300
769274570 855569815 5128869
533910188 754391198 3689207
774502806 777179476 223459
804925086 931062413 8061501
440372108 918906887 4845463
749924161 860103347 7960820
353524411 761111221 1568588
358887492 906998584 3069471
456030394 636999910 9987397
240391661 452477237 4132429
592782243 908126463 3096951
750603221 926275581 9031094
76544788 480075858 2607937
604728235 943939326 6471187
450083786 570619053 2139246
359477287 801943707 9044158
600826613 661141574 1671150
533079295 728106166 3080331
116949351 731511199 2789840
181906038 765060339 6986470
301022987 676239603 9048067
203092502 954563017 5585070
230776395 842775644 7804878
819819748 882317061 8482385
898680537 933909943 5291149
957671601 989044707 8837801
711124660 801086600 8457646
910188727 912078008 5375126
45543422 426568421 4125804
862858185 905314137 3252188
892807484 901457735 4176714
373406410 441811547 7324095
404404917 553969229 8485843
80519169 775460023 9268189
433717948 522525037 9833872
167604467 480621691 8893772
350455529 557271197 4976714
235431489 611469136 3370612
781252975 783985375 8467585
790078077 798530842 4418862
663459630 744328307 9718061
289156683 335500367 6376990
459325772 722534600 4652468
73619512 452141578 4740302
573233514 783195939 6831660
410434341 418422529 2555277
440326804 833955007 1965395
618575990 899398145 3393670
692539171 997665234 4571979
625152784 836774651 315428
936487605 991262581 5548058
134991789 981386834 4383269
237616859 708818171 8048866
121817578 430660282 6959997
768791086 781619343 1484125
872206198 892965450 1214830
971148832 980456774 7806876
367347519 521450625 6314725
46766233 823268256 9349249
151068137 365766988 1227799
712121166 756166751 5101690
251384244 653427043 5163996
914876650 948867679 3920640
152265862 224174499 2823884
294062642 326535887 3069904
404558120 511577677 5948824
9754114 44636125 8029800
709309593 820867750 3297579
992385271 997041751 7227460
759996426 908457495 3371905
771977168 951409313 6784730
788160937 856316918 6260935
75635836 221248791 9379284
116151197 183339376 9365557
111099803 556208428 5930765
