1000
811774093 821993877 2997657
400138103 877833779 4874252
465981441 806520943 219028
917665207 988074349 1867663
402234837 658196095 5628379
362908506 647395201 9586957
368377601 426255980 8626636
955716919 992866852 8834783
897837985 973839946 3378636
794903123 809850350 5232530
161629242 675628626 3796587
539955608 761263452 1094046
523087816 798664976 5011260
13566681 663183239 9561446
836419076 981895912 5596654
905557367 978609558 2408048
438078679 941794667 1462448
663227970 703148649 9815270
908588390 912830395 7744963
534357756 735199166 8920653
506869708 964609764 8888160
325142226 695069893 4550916
16576411 695129835 4281805
364950039 738056628 5382144
417663133 842721769 1099579
874333521 915649072 3034566
705664879 870295477 6321378
667226565 696895698 2332202
706816141 833816713 8987488
709003440 988918000 958278
352200426 519207713 4220622
188961420 335462781 662078
539984385 785591903 603300
200284771 410315616 7254834
446276987 901621919 6382543
627323199 894863580 8353156
71348066 507218004 1744273
357823942 936180223 5343820
826136091 894141791 7062425
559799790 717799305 9520280
3888140 782075095 5784419
703726389 890153852 9214057
654903084 780463361 9370577
556698172 838958765 6833259
94898501 137865572 5111307
303136859 449531738 1980916
910926799 962429515 4387476
584052103 801632136 2795199
194136008 194522806 1039790
470895713 992868559 6064873
646622824 720326998 4582256
331780080 763822086 8776749
789757450 971941993 6637989
97413414 826111857 9879260
274117190 444058011 8717543
745661638 786460241 8572705
39475393 125100199 2763772
176557632 224457588 3215219
570138083 647854525 3721841
489063857 513468736 154714
35649751 494723173 9252597
695718367 733214250 379878
409041100 537418273 4911608
867270152 886715871 503916
300815577 919447359 2438277
128832456 767326617 8375939
970259436 981262250 7688540
512446146 970797344 1917376
935296575 998325440 1574228
579568125 715100454 800046
325569121 801317647 3400687
862329281 870450219 6879505
302748062 449609867 485439
549081337 836323630 4424539
815173457 875861892 2158713
833485695 887850944 5536238
680580702 941701332 4297687
274273472 297613818 407317
619742308 766063344 720819
250295343 776847684 2407229
804653935 816921924 4356705
840050035 842819594 8313592
750286431 996206989 2133709
803684998 821120614 9865396
873666022 919372405 1831382
505096403 605667126 8759480
345888799 413926339 9057898
247051519 591483229 71264
82398370 263648785 2337635
897389265 975764128 5730330
37776900 272742596 9563937
288546750 390428599 4798497
934359913 990160845 266984
757750147 831812823 3630968
569203283 724437210 5503740
821327353 985454160 6986154
3601945 744195188 2046075
286666545 438778577 7250496
685307200 777532982 9152250
78469225 167448508 2003971
665170144 910030826 2801380
362537993 861851495 3858803
513659674 545379097 8183055
414900438 966545471 96776
362332519 795792367 5771296
92204457 726551890 9723688
226534802 616380365 9354657
978067247 998131302 1993577
603538577 808228874 1618400
946546851 989876484 7364873
41280989 351900778 4705675
192925730 497976557 7949226
757901703 890867764 8710154
85201406 502018058 8178259
267940673 942998489 4321308
132005602 849175669 9504675
168036580 983325654 5744053
77484908 182525812 1184471
783783162 816632363 8452374
431615775 976400684 77440
853479117 895958404 7296687
270276482 962240761 7405309
315681468 345410705 5834802
790941502 977728341 1519039
218770674 727984835 2593528
153710327 172352187 8106174
692654669 905907961 6500120
216998330 336534411 7479479
464529237 476522041 9543366
899923776 903535044 3264808
133848038 482488888 8083306
754681172 852017402 1752845
890878031 915173143 5432961
913516368 945348667 8983516
185665380 888102523 6801464
539252159 956960545 312639
440728566 825807807 8078918
542987614 905192075 7810321
59186114 257818118 904331
189346759 202097729 5562395
700305182 866869526 4198375
353514454 934891935 986640
350396164 718331589 4383708
626460324 628024716 3046855
853489337 879121460 5849063
437756669 835706693 8693432
382116402 451590922 1132572
74245761 107536820 7392953
837988942 922004044 6715137
956150383 985107143 4990330
50536801 881090525 9180204
879072557 880973844 3009342
155115139 660169058 1337248
713347389 713434716 6325340
529260332 656776794 1909860
903779738 984733032 5621493
968367367 985519380 3750501
338879065 661122769 9767287
138489628 491565436 532878
422320885 464000016 5149779
522828377 617617203 814630
73632124 872146019 132603
414586742 645450371 667498
586530027 795896482 9031839
106329788 416091671 5743596
713985199 945645721 7376552
89017983 252558509 1760426
620360301 818256079 3265525
887098186 894279450 9582066
442770173 607422996 7349461
391662734 403437804 5071222
236838714 623008812 5632325
643154437 791072197 2373163
162530916 504248909 8529771
381600007 412134535 6848999
283212398 906328194 4490963
422272113 654660593 1861434
423651175 770531106 3018985
697913808 966827249 2137101
119235044 157929069 7398454
47656741 190022827 5805818
40592970 675962098 7105759
972674051 977420521 5222123
637740311 676217113 319196
230099407 497572086 5827446
383341491 779505478 8534005
160915087 680456335 4432760
687472167 750855170 3268866
347605995 842039432 4672880
771121187 950549438 6953828
59813088 798349157 7531166
862198961 928667061 913726
621773095 701324741 3376604
324448056 479136372 1285241
204046045 566090881 6245948
286764101 465152307 8848632
740205342 797890758 57443
930030343 953340109 5219351
115356918 345266989 5090982
548973941 770075361 7701738
429125003 455386274 1820259
78408165 608144416 1320884
171791896 713517109 6082466
430091288 461258226 5711270
881267393 912281686 9406956
721344461 789182039 5654361
39556944 196600875 3529323
241518992 512239970 4563342
488440816 984739012 800195
51079146 402250708 6966053
742436595 841618915 2481072
158014565 723393061 1938651
871769187 877299535 1395296
464906808 635082738 2297928
180237719 809567809 7734803
498756336 537851987 814873
172103980 668394067 6692850
986654921 990300409 9120010
392049888 899551916 2601516
180622169 963053822 3011623
401267931 482962683 314327
737770548 866035659 7250755
541425535 702654418 3123590
817394733 979930489 1685945
576070965 634632264 1014183
778871052 876892730 3211491
226989358 673100083 5463839
231095406 930541069 3651544
280396273 592642720 4198185
706245083 939024300 2279402
100285764 944451949 5620075
164315813 336443453 2440287
576357936 894726907 7977817
147507967 512797301 3382638
781758471 984401588 4570447
646028028 795314034 2548606
891884721 961075542 1820138
118234234 977666774 1636506
929516681 957934269 238504
325151755 357824113 5387320
119707414 246604048 3577792
569631358 862869666 8183340
615371337 975049619 957763
115167403 691469613 8323815
512971726 696375399 9902452
298856350 766138689 8518004
349601211 483258456 1532005
651636724 804859115 140597
974887378 988941332 7187026
474384399 634426461 9207770
917312267 969428804 4269890
778263908 984644813 5416610
280848336 385584971 2395357
330479538 951358872 6366806
608129979 661204959 3780616
464077812 919027717 6823171
671336158 956597031 3488839
237832736 959387049 1522680
607438209 995017292 8715860
588227484 998674757 6220159
715450033 887959679 7880699
937814322 990141093 4900576
69241168 409444241 1863225
685682828 836043798 1835667
985066768 991956730 3168405
366480428 574764414 7146692
300716193 963941512 4735422
604274027 679687617 2624013
952539515 984334017 2376806
401787524 926573848 2561263
132532381 639402542 3772510
961806363 963022226 1736978
519637848 667661452 5566835
337043701 896875738 8204350
803454091 845992755 1961864
83605213 683029559 7115930
686437950 926314436 1500405
113625263 127547828 6770340
632263457 808110521 5304479
708868252 851756404 9335280
42058535 610172211 9064793
339144705 444145964 6817573
2571086 623395210 4246138
684799765 771402966 5463093
754177289 986955883 7078975
790578565 915865990 5607004
898516194 970029676 9831651
474585024 618319004 6658652
760957014 789297296 7849084
940533496 968970825 3879160
912144470 943850526 8848921
139157997 856315871 4968494
546354134 791622701 3042458
774549177 822120638 308280
842197001 965394612 8745040
474426305 679924490 500294
475832889 994468319 9927638
74511807 550264750 7993205
657346986 753049672 5588142
414674737 720513300 4666259
561143250 689294777 7717279
721625966 734326279 188183
84677009 430939544 6072142
378331679 456344214 1090651
15658291 121715599 3187355
940514269 959124989 2243228
340395483 558110042 6829503
552521620 580772327 5132596
203617023 541328037 9593507
990497801 999778083 498198
125416235 138588708 4443907
353077923 458428406 5501963
395020890 849533460 9972164
689916164 758357904 8727724
218568477 577910848 6933394
328449686 519887575 2388767
186428901 870263999 9809086
20024812 618592023 851478
670826673 783974464 1786711
961936647 963634717 9233541
36092265 714927657 7136903
321426575 904433209 922275
399147449 675451664 5375920
27403019 878393666 6735140
685931757 766110052 8457031
339135805 885454527 5372853
409814486 724863601 5433585
953026743 979693148 212920
676487052 812098813 8654044
576912466 906109842 5419457
871339713 995669367 7376863
545017096 678683252 5794129
804841549 976475301 9904725
600316118 949463198 8187218
196704800 552461478 1101623
958368153 999421504 1568595
535438832 992014897 4520056
250009502 855677885 1141509
135575079 529556334 1686950
843834506 933257635 3261813
938389819 958498559 2300223
195017433 484795740 6123148
758690461 892595212 335696
944871093 986701655 9303493
959228524 995070627 9748053
537926384 648663235 473005
266895250 316227496 9243084
862074609 993224519 6387616
411921855 431253702 8310811
95695167 337720229 3101250
516132118 578944009 6950053
644516284 987634097 3385277
332669671 736816333 5934631
587497107 777067874 4399417
380525905 917788788 7591768
321021579 770236739 2056097
704330501 713198681 4090689
610973526 886675872 4375700
97819083 834569366 7759066
571255750 953882800 4545321
707043571 844000264 9318375
617104594 872875700 1075560
144686768 501866490 8215314
125714390 646892049 695558
105329320 135443110 9125448
243029119 583259713 3376992
652678746 822769578 4139737
919101863 990233458 928570
620914244 869019724 699723
75680515 316930151 433081
144902214 416139512 9148031
730139676 951092892 8347294
516680713 707956243 7179911
656996339 773158675 7302341
211000176 855016567 8694343
527933061 868181348 1470430
253655132 862634881 3068746
906006968 967492875 348266
683380971 937617554 2686439
818757752 872898002 8546937
628590281 763641478 9918229
8090172 270644859 9542562
500427986 747858772 1640971
51045161 428194931 5317828
617350686 678114827 1026076
155966409 666888870 3088891
67578119 985575579 7668562
250314203 712155808 7863909
6500178 329086542 5237193
950438709 964778769 2644247
149034322 961903664 5639629
26906485 145702630 4708058
588933512 605087741 5884087
676332279 824285279 6690219
957802850 989807434 540037
142737205 938024093 1617266
459970669 884003440 933689
991761480 997757257 7990658
331287736 508250735 8819572
773065281 996000050 9954257
91225244 204498182 7717203
427052943 961459172 7797624
241558978 259472027 585993
10563738 554482980 2892526
385074061 671675698 1858749
15348193 906585421 26625
405586543 935877608 8186022
230983483 727384676 644630
195525267 939679207 1134950
784998725 845862429 8288291
251562947 599249093 7612196
178250141 203547055 8416361
176453344 504398939 2720492
574756617 596383940 3674614
40794059 537272782 2608843
522277918 617436713 7906778
923854953 953330507 208167
997866468 998017247 1151528
167278473 821209461 9030876
136274237 345975581 3169073
498682693 984484644 400797
549822988 639399257 6464253
254185469 820904906 4885770
884854940 988915679 1038474
103119719 434433979 7850765
434713493 934737448 6076489
944741116 972121002 6806522
48201343 695846010 2037205
881210992 893926117 2866023
802226193 929130333 939766
749834009 963351088 1034313
412515688 694818600 1672663
735757450 871827400 1656784
228526000 531070258 7833219
291828073 840141285 8753284
178305760 636029717 407077
461034738 651772206 3688736
696422645 797356283 6964097
449696326 569599756 3696175
188041738 454042846 2773678
663749484 975645666 3580646
274429 667353028 3720086
956337634 956359197 3268545
144338376 673062235 7849520
982629448 983445641 1322593
51255632 314465036 988540
368472789 888516332 3933988
578961000 653273728 604479
172648867 683066643 9304326
801909406 837303050 3773057
591226941 591270202 4892216
472729679 693356941 1345860
350838086 381821225 2796671
458448158 604943212 4890886
370817935 725504803 1165135
799596741 902817391 6382714
459788066 630089254 5928744
800295352 887671761 8513026
441537975 964113795 2747184
333102298 914968188 8085616
101597660 496019089 7907602
198924525 807311402 175870
347729710 848016995 5563671
361104882 629507355 9936396
731703346 981753111 2069890
653201811 979658604 8199705
632655514 819038184 8491185
716705964 799395042 430596
908998333 932307427 6655729
453739730 855964292 8522756
481608567 560527189 6458401
767200515 911941768 6521061
74198390 828288266 4900875
434551467 666402105 6135813
281592530 722859900 8453760
890308357 900691949 8608142
474969064 511229091 7377203
918551437 936756879 4162934
558883575 941194428 8800087
760544356 812116582 4382644
350104014 811451085 9530491
910437577 913224420 443204
436156564 589211643 6604709
359892869 409194769 1007582
488251572 615156629 6797742
501752518 939273993 4593266
366758023 824639938 5207262
468666977 889786508 5080168
909381177 919801559 7104200
308843368 897498425 5359766
620185286 947735572 6523752
500082584 682083585 6262402
554345 731358732 5520250
159661514 291749485 3288922
953206829 967866325 1032862
534730432 765923300 2872752
601806668 866029309 799530
818319341 929355303 5313658
286889081 961217519 5243982
419686731 890379836 9969738
881377288 957534061 237423
285885621 404728363 6014794
523774818 530820353 5694397
355727953 442342269 1728763
858301545 889113539 8189206
20448448 554415390 2405679
151219824 929893292 2575392
759016201 941375466 2485828
159052146 830716370 6085794
367945606 817849639 8259362
641651073 723141900 6682275
119173667 554135425 7092984
938185473 994222943 402885
761375219 803316657 5665843
787915905 921475936 6679396
32778975 985778616 3098559
251499233 359659699 9404778
994553353 994556836 2340482
242408364 958626544 7116278
59358696 231280765 4834454
604796630 841926764 5895342
966339130 992734984 9016006
577321767 856743428 3047904
610151709 808951870 4827851
556483026 809184544 4957024
893189579 916023309 730568
819732445 839086107 1475998
14225859 308458719 2005380
66302256 268417429 230278
735032836 990254223 335335
789643682 830001054 1471517
54248065 521393693 1987895
936719044 969492208 477658
58537915 416800321 7964307
209761358 548349994 9086017
175267462 201489392 4474800
461024672 615765279 9610822
794364385 979089734 1834708
897271752 933825503 3767009
876368747 935623840 7658001
681428287 688736991 7274606
93452175 983860745 7167299
436634525 892889978 4248392
691975269 967462802 8435403
505482006 967097106 7335333
200802073 242000716 2142349
409450242 658966562 7553971
645036335 653771931 6706344
562825889 648662215 2517492
382051091 635667552 5296885
210288570 319701405 7540183
239551592 977493131 321987
217407028 648511196 22296
866328002 913194741 9379665
892610355 995492049 6912218
281468009 304723670 7218188
809637558 823442396 6386051
209496255 336438047 6055178
634767279 725440094 4886872
211290925 492193352 6000071
4168812 111506131 3488216
442471006 675537648 4254110
253932471 760170089 8820574
156484104 762321704 2217995
95744613 184156355 416114
608918963 656247131 4273568
675078664 940421476 4707183
97201732 611767997 5309253
535436996 863024461 7137628
257164096 663015252 4468148
987663176 997127130 939908
266558250 589189224 9102389
547726746 735560545 1286231
554926086 729186694 2582934
37810223 67568831 3035270
109407487 364687249 4839918
416678545 558690134 4063577
534904755 639908354 6867090
399424056 588138639 4900308
597430618 706904780 7272280
772668373 804421888 8771851
682436971 932646748 2253963
504824256 708271793 1696322
214430236 808444090 2302511
360632963 925039588 5703496
621612407 946410260 7037047
132481376 310361401 7381014
561287789 623303724 7546627
670567718 934627405 9580963
724398313 727426524 8155359
582195437 888993191 999050
841116145 991792636 8723769
205788414 618464235 1376096
892005365 946989775 9583073
557509612 972179688 5399119
38633888 296465914 8780295
139422254 432600255 422263
562873463 784761297 5477936
932140960 973067675 1787911
867178954 914604487 9893369
333868736 707496782 1499670
571715338 643953524 62352
995065931 997771929 3149256
398330765 920796699 133360
164129460 903771974 9511454
920045649 983435373 1446621
167775952 972623082 5861405
584318661 936550133 8605855
942061513 947726027 5109411
42484713 480886542 9499907
209678750 540996516 5591174
80543230 819748206 5486479
819345020 826302072 8874223
201058698 758636553 9824773
560100678 561080814 3870838
731298244 797548747 3917979
212651459 857560040 4000510
747894954 866266276 6060152
876658026 994399904 2580178
953307012 979378768 9591026
423339376 841773590 4127105
991877578 997295559 9064839
867856080 914222199 5222006
784955392 978918092 4431258
345135012 668884050 8024028
244293498 475023786 54383
932925899 992991567 2632498
463311388 814819113 2904553
904435974 908870056 2861482
146795502 533858925 4217091
587914865 657545114 7256135
671693507 830929320 2747020
550495774 760812070 4179894
105884423 264857232 2158503
38034494 518678075 5494509
11941924 366576046 7441795
774741527 960390078 6623618
466851563 562026880 9027287
268453186 510206097 3375182
882477893 943027612 4794400
19124663 426877784 8693187
596779069 928062120 7534495
126426957 275014926 1813514
999878441 999945758 6486157
722528915 761732205 2753888
374703122 979616616 8421282
223028774 602578440 3272755
280982614 966881303 95046
347593317 588905625 5374072
715668201 797087469 6530965
109242462 215955377 1627088
712313600 981835673 7614873
89403909 189165707 9482715
434840225 462582859 3085635
232497177 532259590 73692
335107221 474080087 9355307
122434218 556043387 3527566
161171790 844935197 7830025
805568859 914975977 2694086
84934166 619069071 8769651
281305552 340295158 9154762
440786048 704920200 2922969
719729937 784969017 738161
232330966 359889315 1474879
545265693 801963244 8012923
844451790 983964881 1925049
470116131 825843288 8258995
189849817 633000207 3430444
750145534 899606567 9996611
13203629 162645285 1675076
936180388 938607354 6371416
277123847 896062128 4090417
622532458 964329460 3873271
282130931 946864467 4575142
386990588 598161147 7841694
935315580 945003341 4841235
95987418 521532581 6166303
336154557 859942700 3063457
574868766 587048710 3918777
703518234 785800780 252144
185070741 366530048 7152248
778432413 786322437 6537741
256177021 610334755 6195535
938741225 952614956 4301750
292997787 975549048 9351411
995927716 998418925 1900625
9159044 339046778 5267962
624587584 953697968 8138026
316940661 726519881 8479797
358909391 859357487 7942637
834242376 979550120 9976139
859247972 924659830 3943269
852708302 980061522 8162711
823518562 837971969 928499
55126083 95874969 7503939
426184152 666229700 6030032
362843286 793972596 5406374
446335377 525391371 6775943
669779238 981302635 8578651
893689823 959671463 5289261
945773185 950367495 2156322
343632273 718080078 520036
23350946 64821107 6762747
52414716 516887381 5019664
284593978 431859908 8330113
335090034 769465496 7202904
704633762 896013873 820612
667086497 865952172 1611232
44432421 459698746 7740011
669393867 818296006 5633989
639297833 702089502 8336456
986175191 999388457 6644057
990308136 992102452 7411517
851404494 886727399 1294240
764589893 989804247 7391119
925454967 979184130 7148427
792243438 889835152 5722888
895095279 902335166 8053748
76455366 713390693 3257490
869670144 980882069 9975002
272451068 973173634 1607057
487594540 659526644 4700509
943191748 963542529 4162690
833558072 868883789 4854269
994059459 997820569 7995474
362261725 849809716 7414800
366139218 916451633 3250432
975019117 987435098 4572545
368408345 455691774 4259573
469948613 987828118 9673296
237801867 385252904 3883427
891309553 929280756 8136518
532508238 709831399 168286
204417364 369087361 3101432
439933252 464332724 757880
220025100 305338117 6322431
398014186 978851694 1278752
873740133 988168141 6904822
686956531 845538128 1387643
262963605 606760822 958516
733275256 735847914 194564
971715772 999768566 8835531
685458591 914741930 4506529
539666755 946052285 1688385
63211677 515620384 1840135
610390558 982355434 8989454
518357873 973134168 1029328
669058882 805119991 1723991
380760079 780922862 5709147
375455810 450324297 3785193
835367874 966854187 9734499
499605326 888422406 3923320
123262445 447253010 5741923
806175006 815495391 2158361
416518676 934684557 6254377
658714188 679635637 7075965
944733838 959202291 669369
871992139 931922030 7013616
878605874 927747151 5984229
935409976 983495023 5297297
823728551 858377111 5892906
228787448 952778802 7579732
960380877 976488115 4100685
853416399 901107364 3353781
813009517 838697796 8698679
201767871 381446761 3086911
497942592 843559799 4321549
430220359 680882162 9462717
600137247 699869026 124820
552222738 921013247 6526782
533908636 803847249 9710276
398353644 664310157 6534991
794822686 921379648 7422506
218927668 251232606 12405
573847348 705422504 3213827
980358913 985181767 7680873
94730136 548720150 3579031
689774653 872696224 5226776
766254683 926999534 5508179
639384807 774022711 3060570
829568972 876916212 8854698
840661879 949987573 1755889
772527096 954848942 5254830
159506690 181466966 6939717
425045122 482188147 9050730
603893019 863888548 5646047
224434621 421632205 6573570
626423135 807146552 5226404
711891888 978350120 8087822
326549546 598223712 120147
708385472 722734688 1605940
289691915 691237039 3224385
113630862 241234019 5842820
628490093 680385474 6272467
585519344 663728303 295193
562942025 877478271 2145084
787608425 851972656 4273517
831409916 992547661 1110265
188536725 833265801 201468
50632904 313937361 7092490
391797585 551899528 9280925
281674113 754874759 3769714
693067805 854636742 6329885
534271325 880145682 2387698
260211225 400990350 896414
219057202 694921347 8951810
868557642 990156452 5664559
524017471 755370695 7844496
741677354 965548842 176171
225965964 537729948 8838653
346708783 870705639 6990551
915243763 986387582 3270228
137506926 304048296 4007863
685585874 701357823 2310989
467268899 965491371 8508593
646085027 855801288 8382850
654635755 931528425 6008934
255129248 967722299 5896561
71267803 503553520 1398733
272019377 293659551 4108594
308932813 988826824 1574288
842042675 883787045 1839866
656417833 827343752 5827884
593130727 784078994 2248783
831420133 941760719 6662724
978785424 980002284 7420173
515480890 565840554 5623109
315047613 322331991 9448730
940370080 976188612 7221057
823043079 873217714 4899174
211455338 598337310 5081349
84024927 203817955 8508070
12217463 102371649 1563388
127582963 732020019 1234258
754407827 758853739 2818760
671810988 823426502 6529116
50439357 827673989 5501470
759992649 986935566 2833586
651316629 679983900 806883
69673262 267909298 1177974
542765819 767748822 7537797
593188788 953596262 1197309
958804988 986735412 7498652
696636706 840439237 2905350
544591029 893373090 6852801
962373862 963446590 9136572
544915508 795075746 9506478
704651032 978507400 7895022
944438070 984816620 9681815
278658314 651854278 7370638
443634378 659496514 9785544
531862123 803088647 2781800
340040823 360206061 3294464
485432116 645625851 2004643
794552786 936815524 3924749
794333028 999145603 7316093
465003911 836691547 9836584
269177978 874325242 5090115
973177362 978039282 249363
256769552 499590377 5990160
485711037 634986105 7301745
363913400 751657434 531015
711769033 867175497 1997926
203426072 815187894 9172306
773826479 967825958 1492464
885367470 932200420 5045404
281937687 397079432 7752324
408333768 958569472 4855373
823465628 952677161 2803821
907633787 971506433 3351749
169827851 796666763 7754337
259010691 452005092 9838172
421969641 533605949 2520293
248585413 463855626 2835160
753469052 792946115 4136547
402816685 893842326 9185071
138662187 838655763 7259529
742977606 881106017 8291070
330782034 388746423 2437092
86635873 944066351 4967498
801476325 913948477 6740030
151360836 588279777 5906422
579558585 826858582 1833653
267219032 575795125 6633604
251276017 791460116 343197
395868759 438141098 1041552
111000342 260389338 4157591
400890911 670121980 573067
994836795 995035594 2237042
243056433 949787729 6874676
839983139 996428071 7243330
481121643 812984475 8793436
280494266 925534528 9569471
50089398 508534839 1829723
544501337 609915348 4834017
496715338 778201405 1939277
465831013 586397955 2336057
754225155 987293632 5889682
858076971 861862823 2424466
524707808 873874188 4807557
38290353 669507394 1240904
856123948 963618122 5961340
345904585 784224708 8491752
562673955 902485996 7141505
381050311 600277816 1752969
266369751 663874775 6468687
869174713 951328585 7920234
739924959 757013568 7708303
430124599 641433064 1757645
616274970 837594829 6683092
482475676 801307379 8949012
708773272 837240037 1371476
61056510 113526842 5317145
821182959 905371951 2751721
927448319 964404144 4066899
404778183 816583782 5290440
642763808 709061230 6584743
405017067 861824010 8169857
319668130 450522054 6975627
840138756 890255155 3966135
753226053 817423061 3354209
122200609 241250902 101792
883385542 989774063 1592339
41511621 114634297 7213632
684893963 957660771 6021995
116723456 321494945 6549090
858590344 927454522 3325365
284200305 717686675 682071
925918292 972009790 9374871
624430988 624848884 2385267
439719505 975246921 2401328
696940126 709887985 5768261
113906118 972656054 8649456
583932949 772227445 3926678
434748358 897905179 9432248
471638807 543331812 5999525
484444563 790542745 9101491
306418707 363178904 4036897
164240886 313627348 8577011
467874611 569417398 4781031
167018353 551239510 9823695
911191339 912192879 1511421
463294053 918775056 6066428
883800910 994561363 1463758
252135122 753925113 4770667
518407388 738581276 2052520
126151016 170770883 8501090
531991270 643501181 528116
178634533 802457979 6900830
119636936 966690943 2328116
69531665 644771231 1649064
402992090 657858404 5609027
577701355 775918921 2498870
603481090 808410744 9047368
238569105 477826317 2192708
965254493 991968062 3413243
482880923 777511759 978739
714557006 801257326 6509980
869789112 939153805 6565922
868185401 899447289 1225521
786679128 830327101 6467403
527679425 744589168 542719
721888545 971496458 1861152
228776794 733361813 6314700
554642227 603686556 8294310
558729178 857525295 6183251
112081151 540917369 22290
709552610 868427109 6693768
300461443 634499126 4843298
671148296 968439090 6138126
238310948 240948409 7163581
684067109 906117545 8585205
387036420 991140387 2510926
591247683 935360538 5291321
493804201 729779276 4095326
859446031 939587821 63735
420699164 498968570 3056113
800464794 914674981 9822194
163975566 877443178 2190499
796453628 928464424 4408902
306837266 900137133 8225154
715087780 894800723 6461803
918657877 950698869 8004782
761739092 827901403 1645677
212369003 644382921 9744431
693477957 960599314 4938475
731098952 940154336 9674519
676248107 819714019 9452493
35613631 398192265 7163865
248591641 695703055 8015306
88397266 149419311 7853544
44648090 517662973 9976346
764982431 790905322 5144084
913446784 961026958 4258039
12275542 467089720 1360033
817170169 870359602 4897754
416720260 906729023 978345
326250409 606436747 911988
499850691 583014500 4072116
688811534 760044933 5411819
