1000
70779780 119248168 4451950
70779780 119248168 3683762
70779780 119248168 7502565
70779780 119248168 9138880
70779780 119248168 9549896
70779780 119248168 1665935
70779780 119248168 3093071
70779780 119248168 4519139
70779780 119248168 4390495
70779780 119248168 4945631
70779780 119248168 9857345
70779780 119248168 7219807
70779780 119248168 1968660
70779780 119248168 2929413
70779780 119248168 4669957
70779780 119248168 6907538
70779780 119248168 9134012
70779780 119248168 8184310
70779780 119248168 2788889
70779780 119248168 349353
70779780 119248168 4159391
70779780 119248168 7984443
70779780 119248168 8140464
70779780 119248168 9923370
70779780 119248168 7756026
70779780 119248168 3574515
70779780 119248168 1302065
70779780 119248168 5287787
70779780 119248168 8602750
70779780 119248168 2331086
70779780 119248168 1543734
70779780 119248168 3286168
70779780 119248168 7154767
70779780 119248168 8707091
70779780 119248168 9993999
70779780 119248168 9995697
70779780 119248168 3068805
70779780 119248168 1895067
70779780 119248168 2407997
70779780 119248168 2717193
70779780 119248168 4921134
70779780 119248168 5504467
70779780 119248168 2216823
70779780 119248168 9243208
70779780 119248168 971082
70779780 119248168 2835774
70779780 119248168 8022696
70779780 119248168 5525226
70779780 119248168 3496270
70779780 119248168 8494705
70779780 119248168 9331438
70779780 119248168 9943102
70779780 119248168 4060450
70779780 119248168 164118
70779780 119248168 521757
70779780 119248168 7354985
70779780 119248168 6203171
70779780 119248168 7548137
70779780 119248168 5706170
70779780 119248168 9953376
70779780 119248168 4338209
70779780 119248168 6407230
70779780 119248168 2425729
70779780 119248168 185073
70779780 119248168 9194978
70779780 119248168 4600185
70779780 119248168 2591712
70779780 119248168 9264955
70779780 119248168 1147294
70779780 119248168 386324
70779780 119248168 4143225
70779780 119248168 7846833
70779780 119248168 2256256
70779780 119248168 6866205
70779780 119248168 8188964
70779780 119248168 4468634
70779780 119248168 3046315
70779780 119248168 3475125
70779780 119248168 3658986
70779780 119248168 2284948
70779780 119248168 918707
70779780 119248168 266642
70779780 119248168 5439115
70779780 119248168 6398093
70779780 119248168 2984864
70779780 119248168 3521790
70779780 119248168 4467705
70779780 119248168 2921801
70779780 119248168 2414319
70779780 119248168 4012757
70779780 119248168 1426651
70779780 119248168 3103839
70779780 119248168 6742160
70779780 119248168 3906955
70779780 119248168 2555403
70779780 119248168 2264892
70779780 119248168 7226857
70779780 119248168 6675620
70779780 119248168 9345432
70779780 119248168 3837470
70779780 119248168 1127377
70779780 119248168 7607994
70779780 119248168 1525701
70779780 119248168 4710297
70779780 119248168 1737494
70779780 119248168 1610619
70779780 119248168 6918536
70779780 119248168 680214
70779780 119248168 6543992
70779780 119248168 7910313
70779780 119248168 9412364
70779780 119248168 7085775
70779780 119248168 4309419
70779780 119248168 3676440
70779780 119248168 549807
70779780 119248168 739413
70779780 119248168 2294361
70779780 119248168 3940786
70779780 119248168 5551237
70779780 119248168 3393162
70779780 119248168 9305246
70779780 119248168 3756662
70779780 119248168 9399251
70779780 119248168 6714791
70779780 119248168 8971914
70779780 119248168 8549109
70779780 119248168 5520661
70779780 119248168 591159
70779780 119248168 3124387
70779780 119248168 9148629
70779780 119248168 4388728
70779780 119248168 7389338
70779780 119248168 7599712
70779780 119248168 8043086
70779780 119248168 4770144
70779780 119248168 155139
70779780 119248168 1263663
70779780 119248168 477871
70779780 119248168 2894692
70779780 119248168 3649275
70779780 119248168 4075504
70779780 119248168 8758361
70779780 119248168 5214285
70779780 119248168 4828764
70779780 119248168 3571063
70779780 119248168 645187
70779780 119248168 9246747
70779780 119248168 3608022
70779780 119248168 9635214
70779780 119248168 381941
70779780 119248168 1829376
70779780 119248168 2342637
70779780 119248168 9446896
70779780 119248168 4211341
70779780 119248168 1613410
70779780 119248168 4096633
70779780 119248168 8926544
70779780 119248168 1222333
70779780 119248168 173917
70779780 119248168 5096740
70779780 119248168 9204816
70779780 119248168 5281226
70779780 119248168 3992767
70779780 119248168 437616
70779780 119248168 3629962
70779780 119248168 976527
70779780 119248168 9422859
70779780 119248168 1192623
70779780 119248168 9981707
70779780 119248168 9083640
70779780 119248168 1799159
70779780 119248168 1341833
70779780 119248168 2104914
70779780 119248168 3120008
70779780 119248168 6124397
70779780 119248168 6776185
70779780 119248168 615382
70779780 119248168 3388883
70779780 119248168 3425549
70779780 119248168 7227984
70779780 119248168 2393725
70779780 119248168 2474756
70779780 119248168 7776682
70779780 119248168 6289457
70779780 119248168 6242342
70779780 119248168 3110873
70779780 119248168 3895241
70779780 119248168 9378835
70779780 119248168 5399072
70779780 119248168 1027490
70779780 119248168 2481701
70779780 119248168 3968835
70779780 119248168 696496
70779780 119248168 8352965
70779780 119248168 1410862
70779780 119248168 3775455
70779780 119248168 182159
70779780 119248168 4199229
70779780 119248168 2963204
70779780 119248168 2910427
70779780 119248168 8554090
70779780 119248168 4225686
70779780 119248168 7725185
70779780 119248168 9758464
70779780 119248168 2247137
70779780 119248168 3403635
70779780 119248168 1381293
70779780 119248168 6490344
70779780 119248168 3803272
70779780 119248168 5829513
70779780 119248168 8914759
70779780 119248168 5005700
70779780 119248168 1620968
70779780 119248168 8858401
70779780 119248168 8218691
70779780 119248168 2154774
70779780 119248168 3662847
70779780 119248168 4262425
70779780 119248168 4201926
70779780 119248168 9513911
70779780 119248168 5921724
70779780 119248168 3615588
70779780 119248168 7000748
70779780 119248168 3832274
70779780 119248168 5707908
70779780 119248168 6868101
70779780 119248168 8448771
70779780 119248168 6960807
70779780 119248168 7566896
70779780 119248168 9662104
70779780 119248168 7766797
70779780 119248168 6943689
70779780 119248168 7753997
70779780 119248168 4835402
70779780 119248168 3574978
70779780 119248168 537376
70779780 119248168 1599194
70779780 119248168 6612572
70779780 119248168 9866188
70779780 119248168 1223144
70779780 119248168 4148045
70779780 119248168 961188
70779780 119248168 3859593
70779780 119248168 7219760
70779780 119248168 6606863
70779780 119248168 732683
70779780 119248168 1268108
70779780 119248168 2602076
70779780 119248168 2301115
70779780 119248168 6852624
70779780 119248168 3641499
70779780 119248168 9016228
70779780 119248168 7855075
70779780 119248168 5364163
70779780 119248168 4374579
70779780 119248168 3882003
70779780 119248168 2823947
70779780 119248168 851019
70779780 119248168 661888
70779780 119248168 8094344
70779780 119248168 4451372
70779780 119248168 7280609
70779780 119248168 7480422
70779780 119248168 8143032
70779780 119248168 8380082
70779780 119248168 8949843
70779780 119248168 8500475
70779780 119248168 2950314
70779780 119248168 250367
70779780 119248168 881410
70779780 119248168 6267146
70779780 119248168 2600378
70779780 119248168 3725542
70779780 119248168 6875876
70779780 119248168 3579281
70779780 119248168 5910
70779780 119248168 3298224
70779780 119248168 5584386
70779780 119248168 2097091
70779780 119248168 5251908
70779780 119248168 5767706
70779780 119248168 6855547
70779780 119248168 666376
70779780 119248168 2580250
70779780 119248168 6908245
70779780 119248168 7553664
70779780 119248168 6331256
70779780 119248168 7577413
70779780 119248168 5367301
70779780 119248168 2307926
70779780 119248168 3217892
70779780 119248168 1955523
70779780 119248168 3922243
70779780 119248168 5717207
70779780 119248168 851661
70779780 119248168 5116904
70779780 119248168 9564443
70779780 119248168 3736177
70779780 119248168 3690858
70779780 119248168 6180957
70779780 119248168 5018511
70779780 119248168 5368101
70779780 119248168 844583
70779780 119248168 8686236
70779780 119248168 1529490
70779780 119248168 4608265
70779780 119248168 4719137
70779780 119248168 7076854
70779780 119248168 8258573
70779780 119248168 68039
70779780 119248168 7193002
70779780 119248168 6772877
70779780 119248168 4149725
70779780 119248168 9608604
70779780 119248168 7669963
70779780 119248168 3275610
70779780 119248168 8384467
70779780 119248168 5546201
70779780 119248168 9532221
70779780 119248168 5072296
70779780 119248168 4636979
70779780 119248168 398950
70779780 119248168 1287791
70779780 119248168 4652055
70779780 119248168 8712373
70779780 119248168 669754
70779780 119248168 7690500
70779780 119248168 9795610
70779780 119248168 4647176
70779780 119248168 8559076
70779780 119248168 8816082
70779780 119248168 6005625
70779780 119248168 2401482
70779780 119248168 5475461
70779780 119248168 5046627
70779780 119248168 4053328
70779780 119248168 8929681
70779780 119248168 4196563
70779780 119248168 5367159
70779780 119248168 3835662
70779780 119248168 9045605
70779780 119248168 9818136
70779780 119248168 6045185
70779780 119248168 1813879
70779780 119248168 7077059
70779780 119248168 8530225
70779780 119248168 9729446
70779780 119248168 5905699
70779780 119248168 9680796
70779780 119248168 2473744
70779780 119248168 338753
70779780 119248168 5710204
70779780 119248168 9811923
70779780 119248168 3280059
70779780 119248168 2130018
70779780 119248168 7337540
70779780 119248168 1621443
70779780 119248168 1618506
70779780 119248168 6472778
70779780 119248168 9414541
70779780 119248168 4481975
70779780 119248168 4708460
70779780 119248168 2620528
70779780 119248168 2326207
70779780 119248168 7572720
70779780 119248168 3095907
70779780 119248168 7360511
70779780 119248168 2013077
70779780 119248168 3250339
70779780 119248168 7721219
70779780 119248168 3563862
70779780 119248168 8098336
70779780 119248168 1052792
70779780 119248168 6178615
70779780 119248168 7224582
70779780 119248168 7699907
70779780 119248168 2627084
70779780 119248168 1025917
70779780 119248168 5564888
70779780 119248168 971061
70779780 119248168 2073072
70779780 119248168 4381413
70779780 119248168 2892485
70779780 119248168 615554
70779780 119248168 9683239
70779780 119248168 7123861
70779780 119248168 9003131
70779780 119248168 9798282
70779780 119248168 4722220
70779780 119248168 4215368
70779780 119248168 7233247
70779780 119248168 557313
70779780 119248168 7033322
70779780 119248168 3020874
70779780 119248168 6424069
70779780 119248168 334701
70779780 119248168 7624642
70779780 119248168 2699390
70779780 119248168 7814074
70779780 119248168 4010796
70779780 119248168 3651080
70779780 119248168 101720
70779780 119248168 3570171
70779780 119248168 363243
70779780 119248168 8622470
70779780 119248168 5980004
70779780 119248168 9657211
70779780 119248168 8744879
70779780 119248168 3595000
70779780 119248168 1825341
70779780 119248168 1854113
70779780 119248168 6970064
70779780 119248168 3825167
70779780 119248168 2927894
70779780 119248168 4944519
70779780 119248168 8841465
70779780 119248168 3933294
70779780 119248168 3402805
70779780 119248168 3154172
70779780 119248168 5228842
70779780 119248168 1348144
70779780 119248168 2481651
70779780 119248168 8297859
70779780 119248168 5828534
70779780 119248168 1291616
70779780 119248168 3259325
70779780 119248168 3073874
70779780 119248168 9300293
70779780 119248168 4403455
70779780 119248168 777110
70779780 119248168 4558036
70779780 119248168 3357651
70779780 119248168 6972801
70779780 119248168 6885523
70779780 119248168 3067176
70779780 119248168 3475759
70779780 119248168 2567120
70779780 119248168 4298845
70779780 119248168 8285727
70779780 119248168 5440765
70779780 119248168 3068360
70779780 119248168 6193331
70779780 119248168 4932161
70779780 119248168 9939125
70779780 119248168 794681
70779780 119248168 615013
70779780 119248168 5130185
70779780 119248168 7144481
70779780 119248168 4132329
70779780 119248168 3300058
70779780 119248168 4461861
70779780 119248168 8115939
70779780 119248168 40335
70779780 119248168 1353739
70779780 119248168 8380535
70779780 119248168 3403629
70779780 119248168 3016921
70779780 119248168 8138117
70779780 119248168 4873366
70779780 119248168 2610567
70779780 119248168 8689127
70779780 119248168 1833707
70779780 119248168 8145678
70779780 119248168 3768780
70779780 119248168 5099341
70779780 119248168 5140594
70779780 119248168 4678556
70779780 119248168 3315757
70779780 119248168 537365
70779780 119248168 4008292
70779780 119248168 5438642
70779780 119248168 8352364
70779780 119248168 4541371
70779780 119248168 1312286
70779780 119248168 8697977
70779780 119248168 690339
70779780 119248168 5431855
70779780 119248168 9135121
70779780 119248168 3800522
70779780 119248168 4555963
70779780 119248168 4861143
70779780 119248168 4640068
70779780 119248168 1601076
70779780 119248168 9109749
70779780 119248168 5547402
70779780 119248168 2729552
70779780 119248168 298106
70779780 119248168 3348965
70779780 119248168 6900374
70779780 119248168 2032483
70779780 119248168 9456018
70779780 119248168 6719729
70779780 119248168 3826490
70779780 119248168 8244286
70779780 119248168 8402342
70779780 119248168 7256790
70779780 119248168 2823469
70779780 119248168 7012663
70779780 119248168 9130135
70779780 119248168 4422052
70779780 119248168 4643733
70779780 119248168 7605688
70779780 119248168 6526965
70779780 119248168 7785149
70779780 119248168 3066257
70779780 119248168 4107838
70779780 119248168 6661768
70779780 119248168 3676762
70779780 119248168 7228848
70779780 119248168 4570330
70779780 119248168 967243
70779780 119248168 7803782
70779780 119248168 597368
70779780 119248168 6138291
70779780 119248168 8132075
70779780 119248168 8610720
70779780 119248168 8475360
70779780 119248168 9973635
70779780 119248168 1112396
70779780 119248168 7720542
70779780 119248168 3104213
70779780 119248168 4141718
70779780 119248168 6142596
70779780 119248168 6378949
70779780 119248168 2021049
70779780 119248168 6730062
70779780 119248168 8357214
70779780 119248168 4624562
70779780 119248168 5743199
70779780 119248168 9685921
70779780 119248168 238041
70779780 119248168 3435604
70779780 119248168 1280529
70779780 119248168 7055129
70779780 119248168 1569831
70779780 119248168 2813231
70779780 119248168 1266698
70779780 119248168 4782163
70779780 119248168 5816238
70779780 119248168 5096474
70779780 119248168 5884924
70779780 119248168 9775361
70779780 119248168 1688202
70779780 119248168 5591746
70779780 119248168 752268
70779780 119248168 9651688
70779780 119248168 8690185
70779780 119248168 5554981
70779780 119248168 6317777
70779780 119248168 2190947
70779780 119248168 1492141
70779780 119248168 6209176
70779780 119248168 5060696
70779780 119248168 7864286
70779780 119248168 2233006
70779780 119248168 3941954
70779780 119248168 6307363
70779780 119248168 1872603
70779780 119248168 881526
70779780 119248168 6502174
70779780 119248168 6761765
70779780 119248168 9101425
70779780 119248168 4602531
70779780 119248168 6487165
70779780 119248168 5347272
70779780 119248168 6607559
70779780 119248168 6019592
70779780 119248168 6257666
70779780 119248168 3436391
70779780 119248168 7647518
70779780 119248168 2784812
70779780 119248168 1984420
70779780 119248168 8098516
70779780 119248168 5471173
70779780 119248168 4108105
70779780 119248168 3346351
70779780 119248168 7488851
70779780 119248168 8786210
70779780 119248168 4082510
70779780 119248168 1928259
70779780 119248168 8108061
70779780 119248168 4444336
70779780 119248168 1422430
70779780 119248168 1685203
70779780 119248168 9739487
70779780 119248168 9864827
70779780 119248168 4809551
70779780 119248168 3920424
70779780 119248168 366520
70779780 119248168 8222246
70779780 119248168 2589996
70779780 119248168 9799516
70779780 119248168 9364542
70779780 119248168 5050981
70779780 119248168 6374324
70779780 119248168 3189343
70779780 119248168 9145466
70779780 119248168 7131907
70779780 119248168 6649944
70779780 119248168 2731382
70779780 119248168 7320807
70779780 119248168 815582
70779780 119248168 3143616
70779780 119248168 8679351
70779780 119248168 5548023
70779780 119248168 7695590
70779780 119248168 9458631
70779780 119248168 4553741
70779780 119248168 5116430
70779780 119248168 7177249
70779780 119248168 2414587
70779780 119248168 876346
70779780 119248168 124933
70779780 119248168 7605162
70779780 119248168 4382238
70779780 119248168 5430352
70779780 119248168 1401640
70779780 119248168 8260525
70779780 119248168 6489384
70779780 119248168 2189111
70779780 119248168 9693496
70779780 119248168 4748909
70779780 119248168 6765890
70779780 119248168 3937067
70779780 119248168 4658410
70779780 119248168 5626431
70779780 119248168 9895628
70779780 119248168 7223611
70779780 119248168 5219815
70779780 119248168 3162124
70779780 119248168 7827032
70779780 119248168 3839307
70779780 119248168 9852874
70779780 119248168 1328083
70779780 119248168 2053548
70779780 119248168 3029139
70779780 119248168 4943909
70779780 119248168 7778340
70779780 119248168 517188
70779780 119248168 8640413
70779780 119248168 3163260
70779780 119248168 1772454
70779780 119248168 3960527
70779780 119248168 1702475
70779780 119248168 710600
70779780 119248168 7316626
70779780 119248168 6832429
70779780 119248168 3291982
70779780 119248168 1514357
70779780 119248168 6685749
70779780 119248168 7575671
70779780 119248168 6893488
70779780 119248168 2860260
70779780 119248168 5247986
70779780 119248168 6199799
70779780 119248168 5983692
70779780 119248168 3983210
70779780 119248168 1129534
70779780 119248168 7448747
70779780 119248168 1072720
70779780 119248168 8045775
70779780 119248168 2422178
70779780 119248168 7941703
70779780 119248168 2178370
70779780 119248168 1755856
70779780 119248168 4811069
70779780 119248168 8393136
70779780 119248168 1416824
70779780 119248168 8482718
70779780 119248168 6517440
70779780 119248168 2020353
70779780 119248168 2284574
70779780 119248168 5866845
70779780 119248168 4895471
70779780 119248168 4118282
70779780 119248168 2657844
70779780 119248168 1553062
70779780 119248168 4650151
70779780 119248168 9058380
70779780 119248168 300686
70779780 119248168 2026245
70779780 119248168 3032018
70779780 119248168 6359294
70779780 119248168 1115858
70779780 119248168 6910075
70779780 119248168 8947188
70779780 119248168 477195
70779780 119248168 3809405
70779780 119248168 6172925
70779780 119248168 3458210
70779780 119248168 5614994
70779780 119248168 6703455
70779780 119248168 4976755
70779780 119248168 4127238
70779780 119248168 4496613
70779780 119248168 456474
70779780 119248168 9108026
70779780 119248168 6696157
70779780 119248168 2186506
70779780 119248168 99111
70779780 119248168 2009891
70779780 119248168 2713336
70779780 119248168 8452413
70779780 119248168 3700304
70779780 119248168 4767857
70779780 119248168 4390078
70779780 119248168 6259692
70779780 119248168 5969335
70779780 119248168 1567711
70779780 119248168 9935529
70779780 119248168 3992505
70779780 119248168 1957710
70779780 119248168 6339992
70779780 119248168 8183237
70779780 119248168 1823612
70779780 119248168 4322397
70779780 119248168 8973245
70779780 119248168 1008180
70779780 119248168 4837695
70779780 119248168 4366592
70779780 119248168 1028835
70779780 119248168 6681516
70779780 119248168 1643072
70779780 119248168 586278
70779780 119248168 7966738
70779780 119248168 2861687
70779780 119248168 1404914
70779780 119248168 6031891
70779780 119248168 8172103
70779780 119248168 303090
70779780 119248168 6519932
70779780 119248168 6252894
70779780 119248168 1171954
70779780 119248168 7824014
70779780 119248168 4171576
70779780 119248168 3026548
70779780 119248168 3968761
70779780 119248168 4621267
70779780 119248168 4846901
70779780 119248168 6015379
70779780 119248168 3121332
70779780 119248168 3840088
70779780 119248168 2662070
70779780 119248168 9336016
70779780 119248168 1912687
70779780 119248168 5556684
70779780 119248168 8939057
70779780 119248168 5069074
70779780 119248168 1248107
70779780 119248168 7042800
70779780 119248168 7371601
70779780 119248168 8152852
70779780 119248168 4630748
70779780 119248168 4410523
70779780 119248168 6860789
70779780 119248168 4413159
70779780 119248168 5061612
70779780 119248168 5953205
70779780 119248168 3719982
70779780 119248168 67309
70779780 119248168 1770807
70779780 119248168 9572028
70779780 119248168 5518661
70779780 119248168 2966239
70779780 119248168 5226317
70779780 119248168 4791106
70779780 119248168 1611826
70779780 119248168 6319305
70779780 119248168 2057524
70779780 119248168 1878636
70779780 119248168 9657894
70779780 119248168 8776841
70779780 119248168 2004324
70779780 119248168 5360373
70779780 119248168 8593282
70779780 119248168 70995
70779780 119248168 1324232
70779780 119248168 8210601
70779780 119248168 436062
70779780 119248168 7633071
70779780 119248168 2455619
70779780 119248168 5121002
70779780 119248168 8357891
70779780 119248168 2303098
70779780 119248168 4764841
70779780 119248168 1361071
70779780 119248168 7658097
70779780 119248168 8606177
70779780 119248168 2086722
70779780 119248168 2993024
70779780 119248168 258778
70779780 119248168 6170089
70779780 119248168 4207306
70779780 119248168 6083451
70779780 119248168 7638949
70779780 119248168 1216746
70779780 119248168 6589044
70779780 119248168 2150866
70779780 119248168 2275564
70779780 119248168 1578127
70779780 119248168 2938338
70779780 119248168 5221067
70779780 119248168 2751614
70779780 119248168 683095
70779780 119248168 8073135
70779780 119248168 8352062
70779780 119248168 2845790
70779780 119248168 2791319
70779780 119248168 5235045
70779780 119248168 9569179
70779780 119248168 8134338
70779780 119248168 9851894
70779780 119248168 3938951
70779780 119248168 8972257
70779780 119248168 5506069
70779780 119248168 9223408
70779780 119248168 5363721
70779780 119248168 6689192
70779780 119248168 8163189
70779780 119248168 5377748
70779780 119248168 4495570
70779780 119248168 8721432
70779780 119248168 7787445
70779780 119248168 6725190
70779780 119248168 6970561
70779780 119248168 6918896
70779780 119248168 7302108
70779780 119248168 9290429
70779780 119248168 6730149
70779780 119248168 3399680
70779780 119248168 8718757
70779780 119248168 2521222
70779780 119248168 1987012
70779780 119248168 1648815
70779780 119248168 3176957
70779780 119248168 7075135
70779780 119248168 9841877
70779780 119248168 9042934
70779780 119248168 4114953
70779780 119248168 9686109
70779780 119248168 2200326
70779780 119248168 6036834
70779780 119248168 9774109
70779780 119248168 3538087
70779780 119248168 5158262
70779780 119248168 350870
70779780 119248168 5057349
70779780 119248168 666168
70779780 119248168 6236092
70779780 119248168 3281607
70779780 119248168 5840192
70779780 119248168 1120641
70779780 119248168 2452958
70779780 119248168 2517694
70779780 119248168 9025280
70779780 119248168 8683972
70779780 119248168 5162075
70779780 119248168 7197018
70779780 119248168 8151467
70779780 119248168 5551642
70779780 119248168 3696546
70779780 119248168 5789835
70779780 119248168 672029
70779780 119248168 4894446
70779780 119248168 2654744
70779780 119248168 3104216
70779780 119248168 3515108
70779780 119248168 2104832
70779780 119248168 444695
70779780 119248168 3550554
70779780 119248168 7619778
70779780 119248168 4004324
70779780 119248168 8484329
70779780 119248168 6030143
70779780 119248168 9222063
70779780 119248168 4011392
70779780 119248168 9825361
70779780 119248168 2776776
70779780 119248168 2024149
70779780 119248168 5310737
70779780 119248168 9587586
70779780 119248168 7429195
70779780 119248168 6119954
70779780 119248168 8405542
70779780 119248168 4955942
70779780 119248168 4615729
70779780 119248168 7122297
70779780 119248168 6949924
70779780 119248168 6148440
70779780 119248168 2418169
70779780 119248168 71761
70779780 119248168 1841472
70779780 119248168 4037290
70779780 119248168 9468467
70779780 119248168 2214932
70779780 119248168 4352008
70779780 119248168 2396960
70779780 119248168 4918022
70779780 119248168 4623602
70779780 119248168 1686619
70779780 119248168 2640691
70779780 119248168 336940
70779780 119248168 1225676
70779780 119248168 3749996
70779780 119248168 6373072
70779780 119248168 4163824
70779780 119248168 4556729
70779780 119248168 4492995
70779780 119248168 1554902
70779780 119248168 3356726
70779780 119248168 5588356
70779780 119248168 3966652
70779780 119248168 7473436
70779780 119248168 8605684
70779780 119248168 6169131
70779780 119248168 9811973
70779780 119248168 8125800
70779780 119248168 7805617
70779780 119248168 7955554
70779780 119248168 4459812
70779780 119248168 2914808
70779780 119248168 6899597
70779780 119248168 7705358
70779780 119248168 1572336
70779780 119248168 487677
70779780 119248168 6817465
70779780 119248168 8828875
70779780 119248168 3631891
70779780 119248168 8793628
70779780 119248168 9148154
70779780 119248168 8203879
70779780 119248168 8268302
70779780 119248168 3980011
70779780 119248168 5897642
70779780 119248168 8755556
70779780 119248168 5076021
70779780 119248168 9565434
70779780 119248168 9411511
70779780 119248168 7534074
70779780 119248168 892207
70779780 119248168 5127495
70779780 119248168 6560163
70779780 119248168 9693458
70779780 119248168 1955703
70779780 119248168 4153032
70779780 119248168 3368066
70779780 119248168 9812940
70779780 119248168 9965662
70779780 119248168 3942
70779780 119248168 3109887
70779780 119248168 9865978
70779780 119248168 506374
70779780 119248168 7070460
70779780 119248168 9263447
70779780 119248168 6983459
70779780 119248168 3917928
70779780 119248168 3345628
70779780 119248168 6851676
70779780 119248168 7971713
70779780 119248168 5368783
70779780 119248168 6475338
70779780 119248168 3126515
70779780 119248168 4688771
70779780 119248168 9102683
70779780 119248168 7189375
70779780 119248168 9619478
70779780 119248168 1180364
70779780 119248168 3510912
70779780 119248168 2347559
70779780 119248168 9135316
70779780 119248168 1964850
70779780 119248168 1263748
70779780 119248168 2558947
70779780 119248168 6710604
70779780 119248168 2609088
70779780 119248168 8416004
70779780 119248168 9507144
70779780 119248168 9815349
70779780 119248168 7520948
70779780 119248168 8946671
70779780 119248168 9448671
70779780 119248168 4749785
70779780 119248168 1335297
70779780 119248168 6587785
70779780 119248168 6181795
70779780 119248168 7980694
70779780 119248168 9354702
70779780 119248168 602474
70779780 119248168 8961542
70779780 119248168 8080476
70779780 119248168 1637366
70779780 119248168 8533885
70779780 119248168 1671916
70779780 119248168 973873
70779780 119248168 2601223
70779780 119248168 6212226
70779780 119248168 5756205
70779780 119248168 2865200
70779780 119248168 5567683
70779780 119248168 4470796
