1000
779987959 982797205 580792
779987959 982797205 354369
779987959 982797205 7366272
779987959 982797205 2521844
779987959 982797205 6877891
779987959 982797205 7627036
779987959 982797205 2321065
779987959 982797205 137644
779987959 982797205 7074235
779987959 982797205 6185783
779987959 982797205 1214446
779987959 982797205 4367889
779987959 982797205 3991648
779987959 982797205 6794678
779987959 982797205 7928673
779987959 982797205 9692265
779987959 982797205 9093940
779987959 982797205 3510816
779987959 982797205 3982869
779987959 982797205 2774559
779987959 982797205 3095038
779987959 982797205 1978466
779987959 982797205 521253
779987959 982797205 5944383
779987959 982797205 488137
779987959 982797205 1126988
779987959 982797205 4987566
779987959 982797205 1190141
779987959 982797205 2850278
779987959 982797205 2397713
779987959 982797205 1939281
779987959 982797205 1439535
779987959 982797205 6881382
779987959 982797205 2965580
779987959 982797205 8510898
779987959 982797205 4594895
779987959 982797205 4418592
779987959 982797205 5976438
779987959 982797205 1868155
779987959 982797205 8022010
779987959 982797205 4170289
779987959 982797205 673905
779987959 982797205 6354649
779987959 982797205 9342451
779987959 982797205 5389047
779987959 982797205 5246720
779987959 982797205 1391358
779987959 982797205 1663648
779987959 982797205 9036693
779987959 982797205 8426572
779987959 982797205 1147038
779987959 982797205 5381900
779987959 982797205 289907
779987959 982797205 9683297
779987959 982797205 1107954
779987959 982797205 4867940
779987959 982797205 4694843
779987959 982797205 2622510
779987959 982797205 1531704
779987959 982797205 1113978
779987959 982797205 1570781
779987959 982797205 285193
779987959 982797205 6707120
779987959 982797205 2476357
779987959 982797205 7497099
779987959 982797205 9993769
779987959 982797205 8571297
779987959 982797205 6606431
779987959 982797205 5389374
779987959 982797205 7925034
779987959 982797205 1139410
779987959 982797205 1219974
779987959 982797205 1197103
779987959 982797205 7462540
779987959 982797205 2912529
779987959 982797205 1764763
779987959 982797205 9330271
779987959 982797205 2909492
779987959 982797205 9593392
779987959 982797205 6944550
779987959 982797205 132368
779987959 982797205 7606122
779987959 982797205 4095746
779987959 982797205 4634576
779987959 982797205 560585
779987959 982797205 4695898
779987959 982797205 8320867
779987959 982797205 8925031
779987959 982797205 6119381
779987959 982797205 6132883
779987959 982797205 3298222
779987959 982797205 990429
779987959 982797205 744133
779987959 982797205 8736395
779987959 982797205 7620164
779987959 982797205 3030602
779987959 982797205 8319210
779987959 982797205 2912152
779987959 982797205 4119179
779987959 982797205 2846438
779987959 982797205 4979036
779987959 982797205 5333624
779987959 982797205 8257517
779987959 982797205 9001360
779987959 982797205 4598773
779987959 982797205 3853130
779987959 982797205 7611861
779987959 982797205 3939913
779987959 982797205 8880215
779987959 982797205 2360339
779987959 982797205 926006
779987959 982797205 3803449
779987959 982797205 1237986
779987959 982797205 7971259
779987959 982797205 7949955
779987959 982797205 5218089
779987959 982797205 9906622
779987959 982797205 717837
779987959 982797205 8666680
779987959 982797205 2253192
779987959 982797205 9428312
779987959 982797205 5879226
779987959 982797205 1613008
779987959 982797205 1589991
779987959 982797205 6762716
779987959 982797205 5992407
779987959 982797205 4389964
779987959 982797205 2313596
779987959 982797205 6665152
779987959 982797205 8011098
779987959 982797205 6186162
779987959 982797205 7838371
779987959 982797205 2284858
779987959 982797205 5103137
779987959 982797205 2989708
779987959 982797205 3647832
779987959 982797205 1476804
779987959 982797205 7990123
779987959 982797205 344037
779987959 982797205 5841086
779987959 982797205 4784415
779987959 982797205 8298588
779987959 982797205 8247504
779987959 982797205 4275483
779987959 982797205 1243724
779987959 982797205 8350974
779987959 982797205 469473
779987959 982797205 5576410
779987959 982797205 9848469
779987959 982797205 9672379
779987959 982797205 2669745
779987959 982797205 277895
779987959 982797205 7323906
779987959 982797205 6560868
779987959 982797205 7506526
779987959 982797205 9254743
779987959 982797205 2733413
779987959 982797205 4726573
779987959 982797205 2949128
779987959 982797205 8013085
779987959 982797205 9848783
779987959 982797205 3914798
779987959 982797205 8365654
779987959 982797205 8211158
779987959 982797205 2777880
779987959 982797205 6093027
779987959 982797205 8265967
779987959 982797205 9424030
779987959 982797205 5179739
779987959 982797205 5578285
779987959 982797205 4457602
779987959 982797205 8615609
779987959 982797205 3748855
779987959 982797205 9668944
779987959 982797205 2719934
779987959 982797205 3427211
779987959 982797205 98831
779987959 982797205 371443
779987959 982797205 3441882
779987959 982797205 6113952
779987959 982797205 5522187
779987959 982797205 312611
779987959 982797205 4770702
779987959 982797205 9985701
779987959 982797205 2272277
779987959 982797205 8780111
779987959 982797205 4323480
779987959 982797205 7658732
779987959 982797205 2517661
779987959 982797205 2608973
779987959 982797205 9235385
779987959 982797205 155117
779987959 982797205 7055190
779987959 982797205 277204
779987959 982797205 5554613
779987959 982797205 9206719
779987959 982797205 3881270
779987959 982797205 54272
779987959 982797205 6150743
779987959 982797205 2218915
779987959 982797205 8665082
779987959 982797205 5128786
779987959 982797205 8362602
779987959 982797205 5853818
779987959 982797205 2740255
779987959 982797205 565805
779987959 982797205 3217857
779987959 982797205 898378
779987959 982797205 7011690
779987959 982797205 831450
779987959 982797205 6726704
779987959 982797205 1972413
779987959 982797205 1139810
779987959 982797205 9489541
779987959 982797205 8610448
779987959 982797205 3492513
779987959 982797205 457296
779987959 982797205 3404349
779987959 982797205 5143359
779987959 982797205 4187753
779987959 982797205 1744710
779987959 982797205 8331128
779987959 982797205 6345630
779987959 982797205 774058
779987959 982797205 440085
779987959 982797205 4563085
779987959 982797205 7431313
779987959 982797205 6904607
779987959 982797205 6060117
779987959 982797205 7177016
779987959 982797205 9391491
779987959 982797205 280102
779987959 982797205 8008161
779987959 982797205 5356185
779987959 982797205 2158175
779987959 982797205 2863425
779987959 982797205 3996376
779987959 982797205 2335797
779987959 982797205 5863192
779987959 982797205 4463766
779987959 982797205 1309854
779987959 982797205 3584884
779987959 982797205 8390178
779987959 982797205 2412015
779987959 982797205 48216
779987959 982797205 19873
779987959 982797205 6510710
779987959 982797205 745403
779987959 982797205 7997300
779987959 982797205 1731565
779987959 982797205 1027602
779987959 982797205 5931403
779987959 982797205 8255135
779987959 982797205 24301
779987959 982797205 4531959
779987959 982797205 8771734
779987959 982797205 5110604
779987959 982797205 7282967
779987959 982797205 1372841
779987959 982797205 502581
779987959 982797205 3785140
779987959 982797205 6797001
779987959 982797205 7103155
779987959 982797205 2862695
779987959 982797205 1593040
779987959 982797205 9744834
779987959 982797205 4813728
779987959 982797205 7651151
779987959 982797205 3114337
779987959 982797205 3928487
779987959 982797205 8824067
779987959 982797205 7730993
779987959 982797205 871401
779987959 982797205 5568640
779987959 982797205 8462192
779987959 982797205 2988281
779987959 982797205 5116975
779987959 982797205 1666872
779987959 982797205 5367552
779987959 982797205 8158643
779987959 982797205 5312319
779987959 982797205 5690912
779987959 982797205 4470097
779987959 982797205 6480916
779987959 982797205 2252392
779987959 982797205 7052524
779987959 982797205 6914820
779987959 982797205 6988144
779987959 982797205 5292476
779987959 982797205 2935732
779987959 982797205 2084158
779987959 982797205 8828865
779987959 982797205 7358099
779987959 982797205 8646133
779987959 982797205 7631527
779987959 982797205 737063
779987959 982797205 4104840
779987959 982797205 4877710
779987959 982797205 5032942
779987959 982797205 4877154
779987959 982797205 9310714
779987959 982797205 598595
779987959 982797205 5245250
779987959 982797205 3601882
779987959 982797205 2693005
779987959 982797205 9682366
779987959 982797205 128986
779987959 982797205 9029400
779987959 982797205 1169959
779987959 982797205 4524297
779987959 982797205 5330927
779987959 982797205 8046026
779987959 982797205 2801395
779987959 982797205 2174485
779987959 982797205 400061
779987959 982797205 6722627
779987959 982797205 2000865
779987959 982797205 4843829
779987959 982797205 9644934
779987959 982797205 8375416
779987959 982797205 144548
779987959 982797205 3998884
779987959 982797205 8097934
779987959 982797205 7312260
779987959 982797205 8041779
779987959 982797205 8238971
779987959 982797205 7184928
779987959 982797205 6026405
779987959 982797205 5750984
779987959 982797205 4398012
779987959 982797205 3301767
779987959 982797205 6867004
779987959 982797205 3988580
779987959 982797205 2568394
779987959 982797205 4842902
779987959 982797205 1234641
779987959 982797205 1029321
779987959 982797205 5491694
779987959 982797205 3198113
779987959 982797205 8936333
779987959 982797205 3715198
779987959 982797205 9962196
779987959 982797205 1209602
779987959 982797205 6007487
779987959 982797205 5300815
779987959 982797205 9001483
779987959 982797205 1199509
779987959 982797205 6768984
779987959 982797205 9876555
779987959 982797205 4723849
779987959 982797205 3763003
779987959 982797205 4121710
779987959 982797205 9507908
779987959 982797205 4274213
779987959 982797205 7634523
779987959 982797205 575549
779987959 982797205 9920466
779987959 982797205 4022427
779987959 982797205 3946972
779987959 982797205 6301601
779987959 982797205 485200
779987959 982797205 2461708
779987959 982797205 2596013
779987959 982797205 3016861
779987959 982797205 14558
779987959 982797205 3690107
779987959 982797205 1001278
779987959 982797205 9540311
779987959 982797205 3738845
779987959 982797205 7175761
779987959 982797205 4368772
779987959 982797205 7695257
779987959 982797205 4828022
779987959 982797205 8816985
779987959 982797205 1377272
779987959 982797205 5167570
779987959 982797205 8436372
779987959 982797205 3229509
779987959 982797205 7806617
779987959 982797205 1754387
779987959 982797205 6558821
779987959 982797205 4515367
779987959 982797205 9336421
779987959 982797205 8519827
779987959 982797205 4783453
779987959 982797205 6082169
779987959 982797205 4739684
779987959 982797205 3380396
779987959 982797205 5443250
779987959 982797205 807574
779987959 982797205 6934814
779987959 982797205 9869531
779987959 982797205 4941537
779987959 982797205 7346494
779987959 982797205 1547935
779987959 982797205 5737667
779987959 982797205 6432424
779987959 982797205 2193814
779987959 982797205 1949434
779987959 982797205 4941227
779987959 982797205 9935114
779987959 982797205 4517669
779987959 982797205 6011971
779987959 982797205 4147707
779987959 982797205 5986510
779987959 982797205 7661913
779987959 982797205 9207828
779987959 982797205 4363075
779987959 982797205 2985856
779987959 982797205 7919744
779987959 982797205 8577161
779987959 982797205 8567605
779987959 982797205 3232367
779987959 982797205 9051599
779987959 982797205 2582980
779987959 982797205 6607654
779987959 982797205 9617965
779987959 982797205 9118943
779987959 982797205 9633129
779987959 982797205 3325969
779987959 982797205 6997266
779987959 982797205 8486314
779987959 982797205 4021283
779987959 982797205 5379348
779987959 982797205 3514938
779987959 982797205 9775891
779987959 982797205 3712926
779987959 982797205 9638512
779987959 982797205 7191298
779987959 982797205 7203675
779987959 982797205 9238154
779987959 982797205 9547533
779987959 982797205 1143439
779987959 982797205 9728685
779987959 982797205 7947167
779987959 982797205 659060
779987959 982797205 750535
779987959 982797205 6896659
779987959 982797205 601235
779987959 982797205 7000915
779987959 982797205 9725013
779987959 982797205 543998
779987959 982797205 1702693
779987959 982797205 7098365
779987959 982797205 4917289
779987959 982797205 9713090
779987959 982797205 9519382
779987959 982797205 599015
779987959 982797205 559862
779987959 982797205 3101591
779987959 982797205 5395115
779987959 982797205 7935660
779987959 982797205 2612147
779987959 982797205 5498265
779987959 982797205 1659565
779987959 982797205 2173834
779987959 982797205 5532059
779987959 982797205 2941129
779987959 982797205 7275112
779987959 982797205 7314403
779987959 982797205 5838381
779987959 982797205 4609547
779987959 982797205 2246831
779987959 982797205 3408957
779987959 982797205 9818540
779987959 982797205 4655398
779987959 982797205 4590038
779987959 982797205 4363458
779987959 982797205 2020383
779987959 982797205 931911
779987959 982797205 1962551
779987959 982797205 9079873
779987959 982797205 198226
779987959 982797205 9074942
779987959 982797205 7789870
779987959 982797205 1397675
779987959 982797205 8308564
779987959 982797205 583230
779987959 982797205 9367069
779987959 982797205 2022167
779987959 982797205 3317367
779987959 982797205 5758689
779987959 982797205 8214505
779987959 982797205 760766
779987959 982797205 7629012
779987959 982797205 6746403
779987959 982797205 2870266
779987959 982797205 8777087
779987959 982797205 5913412
779987959 982797205 4734626
779987959 982797205 3190719
779987959 982797205 8555228
779987959 982797205 3693543
779987959 982797205 192357
779987959 982797205 2498856
779987959 982797205 3230716
779987959 982797205 4597409
779987959 982797205 7835217
779987959 982797205 1726762
779987959 982797205 7824807
779987959 982797205 9073560
779987959 982797205 3266357
779987959 982797205 7949631
779987959 982797205 8275021
779987959 982797205 7015224
779987959 982797205 1063360
779987959 982797205 2948835
779987959 982797205 1015423
779987959 982797205 4692783
779987959 982797205 2216837
779987959 982797205 2437144
779987959 982797205 6896500
779987959 982797205 2870129
779987959 982797205 1822974
779987959 982797205 9460707
779987959 982797205 4235526
779987959 982797205 4440373
779987959 982797205 7477254
779987959 982797205 1711564
779987959 982797205 9271091
779987959 982797205 2626677
779987959 982797205 2195038
779987959 982797205 9316834
779987959 982797205 1710364
779987959 982797205 824178
779987959 982797205 9274281
779987959 982797205 3549109
779987959 982797205 9174537
779987959 982797205 3697967
779987959 982797205 61679
779987959 982797205 4532954
779987959 982797205 4704866
779987959 982797205 9634289
779987959 982797205 767390
779987959 982797205 3039211
779987959 982797205 2059960
779987959 982797205 3503173
779987959 982797205 9002244
779987959 982797205 7467908
779987959 982797205 2830906
779987959 982797205 3425146
779987959 982797205 4138455
779987959 982797205 7506247
779987959 982797205 4279232
779987959 982797205 9701794
779987959 982797205 8875821
779987959 982797205 37337
779987959 982797205 1418308
779987959 982797205 6375446
779987959 982797205 5624452
779987959 982797205 6394723
779987959 982797205 1491428
779987959 982797205 1454447
779987959 982797205 4733243
779987959 982797205 448786
779987959 982797205 2423650
779987959 982797205 8456206
779987959 982797205 9360663
779987959 982797205 4563735
779987959 982797205 4445732
779987959 982797205 6257812
779987959 982797205 2628671
779987959 982797205 4051239
779987959 982797205 328500
779987959 982797205 3827562
779987959 982797205 2793025
779987959 982797205 9631996
779987959 982797205 6494528
779987959 982797205 4411963
779987959 982797205 195595
779987959 982797205 6368082
779987959 982797205 1664283
779987959 982797205 9334773
779987959 982797205 2525042
779987959 982797205 6623467
779987959 982797205 1734075
779987959 982797205 1090892
779987959 982797205 8224430
779987959 982797205 2549900
779987959 982797205 7088185
779987959 982797205 9938871
779987959 982797205 1966300
779987959 982797205 3210109
779987959 982797205 7957844
779987959 982797205 9477489
779987959 982797205 3383547
779987959 982797205 1708557
779987959 982797205 5023598
779987959 982797205 5138041
779987959 982797205 1175152
779987959 982797205 5910540
779987959 982797205 970893
779987959 982797205 4861714
779987959 982797205 3056898
779987959 982797205 9829584
779987959 982797205 2480219
779987959 982797205 9074500
779987959 982797205 6465118
779987959 982797205 671920
779987959 982797205 9288743
779987959 982797205 9802713
779987959 982797205 1961364
779987959 982797205 5186444
779987959 982797205 7160674
779987959 982797205 5788385
779987959 982797205 7767320
779987959 982797205 1559107
779987959 982797205 2366883
779987959 982797205 5323311
779987959 982797205 912194
779987959 982797205 6581819
779987959 982797205 6534180
779987959 982797205 4781913
779987959 982797205 1864526
779987959 982797205 635228
779987959 982797205 5001794
779987959 982797205 9928763
779987959 982797205 3873245
779987959 982797205 2108565
779987959 982797205 6260736
779987959 982797205 3252469
779987959 982797205 5523826
779987959 982797205 1811670
779987959 982797205 9846661
779987959 982797205 6794089
779987959 982797205 2854646
779987959 982797205 1784213
779987959 982797205 2578969
779987959 982797205 9940798
779987959 982797205 1111221
779987959 982797205 7015625
779987959 982797205 9200044
779987959 982797205 7450848
779987959 982797205 5227615
779987959 982797205 9673714
779987959 982797205 9786960
779987959 982797205 2826493
779987959 982797205 2953480
779987959 982797205 3357071
779987959 982797205 6132794
779987959 982797205 9270025
779987959 982797205 6449703
779987959 982797205 710438
779987959 982797205 692036
779987959 982797205 1588155
779987959 982797205 9200411
779987959 982797205 3034175
779987959 982797205 8433006
779987959 982797205 4109710
779987959 982797205 6095649
779987959 982797205 4862057
779987959 982797205 1891673
779987959 982797205 6303937
779987959 982797205 9145951
779987959 982797205 1576244
779987959 982797205 6795594
779987959 982797205 2330071
779987959 982797205 8246621
779987959 982797205 8031798
779987959 982797205 701613
779987959 982797205 3001752
779987959 982797205 2862855
779987959 982797205 4479623
779987959 982797205 8226064
779987959 982797205 5676686
779987959 982797205 1746092
779987959 982797205 1481924
779987959 982797205 7886499
779987959 982797205 5103369
779987959 982797205 50306
779987959 982797205 8557071
779987959 982797205 1808831
779987959 982797205 8111004
779987959 982797205 5999263
779987959 982797205 1692429
779987959 982797205 9099740
779987959 982797205 468253
779987959 982797205 4909441
779987959 982797205 3264103
779987959 982797205 1936153
779987959 982797205 2792745
779987959 982797205 6700936
779987959 982797205 5243978
779987959 982797205 124472
779987959 982797205 5913885
779987959 982797205 7281015
779987959 982797205 2217959
779987959 982797205 6720542
779987959 982797205 219678
779987959 982797205 8221942
779987959 982797205 1105395
779987959 982797205 6152920
779987959 982797205 6977938
779987959 982797205 4099731
779987959 982797205 2515112
779987959 982797205 7162641
779987959 982797205 363173
779987959 982797205 7018172
779987959 982797205 4265410
779987959 982797205 2220829
779987959 982797205 375877
779987959 982797205 9832518
779987959 982797205 379396
779987959 982797205 3868402
779987959 982797205 1532711
779987959 982797205 244202
779987959 982797205 6953776
779987959 982797205 6283689
779987959 982797205 5963840
779987959 982797205 247234
779987959 982797205 8646930
779987959 982797205 2772481
779987959 982797205 7962188
779987959 982797205 8599505
779987959 982797205 5389942
779987959 982797205 8237789
779987959 982797205 2564298
779987959 982797205 3681016
779987959 982797205 4624685
779987959 982797205 662081
779987959 982797205 1555709
779987959 982797205 5298050
779987959 982797205 5887117
779987959 982797205 9284952
779987959 982797205 2537197
779987959 982797205 8657561
779987959 982797205 201966
779987959 982797205 6542449
779987959 982797205 8526820
779987959 982797205 1483214
779987959 982797205 6839341
779987959 982797205 5049213
779987959 982797205 5997810
779987959 982797205 7711253
779987959 982797205 8025132
779987959 982797205 8307347
779987959 982797205 8968170
779987959 982797205 7510342
779987959 982797205 4777168
779987959 982797205 4426989
779987959 982797205 3683810
779987959 982797205 5158302
779987959 982797205 7293698
779987959 982797205 1738728
779987959 982797205 3359799
779987959 982797205 4545340
779987959 982797205 8625967
779987959 982797205 6248072
779987959 982797205 7983110
779987959 982797205 8632996
779987959 982797205 6206408
779987959 982797205 4776049
779987959 982797205 4774452
779987959 982797205 7407935
779987959 982797205 1531715
779987959 982797205 5780207
779987959 982797205 6213608
779987959 982797205 401113
779987959 982797205 9991320
779987959 982797205 2545647
779987959 982797205 202252
779987959 982797205 4114722
779987959 982797205 1043908
779987959 982797205 3486340
779987959 982797205 8788943
779987959 982797205 2666158
779987959 982797205 8344393
779987959 982797205 5291491
779987959 982797205 1880357
779987959 982797205 1726325
779987959 982797205 5663916
779987959 982797205 4884071
779987959 982797205 5011525
779987959 982797205 6161363
779987959 982797205 4302838
779987959 982797205 7105550
779987959 982797205 2507818
779987959 982797205 936457
779987959 982797205 2060596
779987959 982797205 3755257
779987959 982797205 6875540
779987959 982797205 9384634
779987959 982797205 6973815
779987959 982797205 6943088
779987959 982797205 4339204
779987959 982797205 5786991
779987959 982797205 3878357
779987959 982797205 4435548
779987959 982797205 2028611
779987959 982797205 4018324
779987959 982797205 4621926
779987959 982797205 3711564
779987959 982797205 6950107
779987959 982797205 4479864
779987959 982797205 5129415
779987959 982797205 3770993
779987959 982797205 6083356
779987959 982797205 8907601
779987959 982797205 6642843
779987959 982797205 423969
779987959 982797205 2014873
779987959 982797205 5804342
779987959 982797205 7523717
779987959 982797205 234711
779987959 982797205 859304
779987959 982797205 874147
779987959 982797205 3016751
779987959 982797205 5069361
779987959 982797205 2776166
779987959 982797205 148856
779987959 982797205 2738502
779987959 982797205 2743537
779987959 982797205 3415089
779987959 982797205 6917370
779987959 982797205 7309947
779987959 982797205 5711101
779987959 982797205 2144428
779987959 982797205 190417
779987959 982797205 2381315
779987959 982797205 4714848
779987959 982797205 9076670
779987959 982797205 8651657
779987959 982797205 4776856
779987959 982797205 5978182
779987959 982797205 8234899
779987959 982797205 5146897
779987959 982797205 5529847
779987959 982797205 4784899
779987959 982797205 1170586
779987959 982797205 5105470
779987959 982797205 1231712
779987959 982797205 5503501
779987959 982797205 5068293
779987959 982797205 8995657
779987959 982797205 8033817
779987959 982797205 5903870
779987959 982797205 4682572
779987959 982797205 5219021
779987959 982797205 5904875
779987959 982797205 9449619
779987959 982797205 8987050
779987959 982797205 6866122
779987959 982797205 76195
779987959 982797205 134703
779987959 982797205 2883870
779987959 982797205 7495333
779987959 982797205 3953043
779987959 982797205 2093913
779987959 982797205 4627564
779987959 982797205 1969189
779987959 982797205 2874382
779987959 982797205 684217
779987959 982797205 9227546
779987959 982797205 8465656
779987959 982797205 1642095
779987959 982797205 9811871
779987959 982797205 5374195
779987959 982797205 8420012
779987959 982797205 338963
779987959 982797205 1968765
779987959 982797205 3033863
779987959 982797205 5623862
779987959 982797205 68058
779987959 982797205 2003304
779987959 982797205 8901033
779987959 982797205 6034927
779987959 982797205 8826794
779987959 982797205 2820506
779987959 982797205 1675632
779987959 982797205 2375697
779987959 982797205 2163052
779987959 982797205 760435
779987959 982797205 3759542
779987959 982797205 8972478
779987959 982797205 5985677
779987959 982797205 5904116
779987959 982797205 4179356
779987959 982797205 4627578
779987959 982797205 7224062
779987959 982797205 4034626
779987959 982797205 4530564
779987959 982797205 5705132
779987959 982797205 3116597
779987959 982797205 4529193
779987959 982797205 9069718
779987959 982797205 6061217
779987959 982797205 4271274
779987959 982797205 9997078
779987959 982797205 3815612
779987959 982797205 5738889
779987959 982797205 2403419
779987959 982797205 1324572
779987959 982797205 8003237
779987959 982797205 9593464
779987959 982797205 498632
779987959 982797205 5743472
779987959 982797205 6344005
779987959 982797205 3886182
779987959 982797205 7824119
779987959 982797205 3838829
779987959 982797205 6979668
779987959 982797205 5755184
779987959 982797205 6511089
779987959 982797205 7615121
779987959 982797205 4196939
779987959 982797205 3212181
779987959 982797205 2569411
779987959 982797205 9225854
779987959 982797205 210026
779987959 982797205 9815993
779987959 982797205 8515839
779987959 982797205 7524602
779987959 982797205 3331637
779987959 982797205 9748261
779987959 982797205 2614200
779987959 982797205 8918255
779987959 982797205 1783666
779987959 982797205 3451717
779987959 982797205 7081225
779987959 982797205 2726252
779987959 982797205 229420
779987959 982797205 7426152
779987959 982797205 1292559
779987959 982797205 7684642
779987959 982797205 9019827
779987959 982797205 1989828
779987959 982797205 1411562
779987959 982797205 5493607
779987959 982797205 4726298
779987959 982797205 5828848
779987959 982797205 9449152
779987959 982797205 5862455
779987959 982797205 8727224
779987959 982797205 8048232
779987959 982797205 3527355
779987959 982797205 9062574
779987959 982797205 2962216
779987959 982797205 7644813
779987959 982797205 3044998
779987959 982797205 8165135
779987959 982797205 6044360
779987959 982797205 9136930
779987959 982797205 1112403
779987959 982797205 1480128
779987959 982797205 2845630
779987959 982797205 5096144
779987959 982797205 7365336
779987959 982797205 872652
779987959 982797205 913902
779987959 982797205 5643171
779987959 982797205 2989773
779987959 982797205 1288671
779987959 982797205 6034949
779987959 982797205 7789834
779987959 982797205 7061744
779987959 982797205 9585102
779987959 982797205 1777522
779987959 982797205 3502043
779987959 982797205 6828929
779987959 982797205 7549453
779987959 982797205 7684583
779987959 982797205 4481100
779987959 982797205 1318470
779987959 982797205 6805046
779987959 982797205 3559900
779987959 982797205 4295035
779987959 982797205 995592
779987959 982797205 7241225
779987959 982797205 5191949
779987959 982797205 1354344
779987959 982797205 9661972
779987959 982797205 9980262
779987959 982797205 4304119
779987959 982797205 205814
779987959 982797205 7834556
779987959 982797205 3041876
779987959 982797205 8325983
779987959 982797205 167661
779987959 982797205 3652051
779987959 982797205 9258366
779987959 982797205 922699
779987959 982797205 552443
779987959 982797205 4624437
779987959 982797205 1719473
779987959 982797205 4458118
779987959 982797205 130094
779987959 982797205 2000316
779987959 982797205 2275680
779987959 982797205 834336
779987959 982797205 1323771
779987959 982797205 8280268
779987959 982797205 4562080
779987959 982797205 4020588
779987959 982797205 3739707
779987959 982797205 3971400
779987959 982797205 7618732
779987959 982797205 2549889
779987959 982797205 4203177
779987959 982797205 3695386
779987959 982797205 9171298
