1000
1899587 1925247 1674302
1771287 1796947 1390530
1796947 1822607 2209025
1873927 1899587 4805057
1181107 1206767 7302106
1796947 1822607 8120433
1181107 1206767 3594896
257347 283007 2208477
744887 770547 3725579
334327 359987 1496753
1258087 1283747 8638377
1283747 1309407 2270256
1848267 1873927 3920466
1642987 1668647 5855467
1899587 1925247 7299913
1745627 1771287 5228591
1822607 1848267 2253253
257347 283007 2911678
1950907 1976567 2794559
1745627 1771287 7003970
1694307 1719967 2925069
667907 693567 199294
1668647 1694307 2013360
1719967 1745627 1398470
1822607 1848267 9912041
26407 52067 7432625
1796947 1822607 8862865
1694307 1719967 9343372
770547 796207 8083882
1489027 1514687 367121
308667 334327 8664112
206027 231687 1616984
1976567 2002227 2040245
565267 590927 2348812
77727 103387 5770156
1104127 1129787 9686242
1719967 1745627 2228868
257347 283007 7967303
1668647 1694307 3213816
231687 257347 729560
257347 283007 7865893
308667 334327 7395991
180367 206027 8834908
1258087 1283747 3308250
719227 744887 6343993
1642987 1668647 7863686
513947 539607 3572852
1745627 1771287 83453
2207507 2233167 6016246
1129787 1155447 3893204
77727 103387 2429871
1745627 1771287 6517065
26407 52067 6961062
231687 257347 8716788
283007 308667 9117393
1899587 1925247 8894139
821867 847527 3863718
1104127 1129787 5146250
257347 283007 7370609
231687 257347 3855172
1694307 1719967 5526248
1745627 1771287 8688500
1899587 1925247 516988
206027 231687 5553351
796207 821867 7882737
1052807 1078467 7470654
1283747 1309407 2758064
847527 873187 944287
1283747 1309407 5689435
1771287 1796947 5248428
590927 616587 6118434
462627 488287 3036055
206027 231687 3595092
1771287 1796947 7735476
1822607 1848267 1838265
283007 308667 98160
1129787 1155447 5635486
796207 821867 4209153
231687 257347 8711600
1258087 1283747 1842270
847527 873187 3924877
257347 283007 3097969
898847 924507 2728728
1566007 1591667 1498379
1873927 1899587 8905996
821867 847527 4313112
1873927 1899587 7799635
1335067 1360727 1190931
1822607 1848267 3935768
26407 52067 8351675
1771287 1796947 6292506
257347 283007 5805831
1360727 1386387 4357059
462627 488287 5954646
103387 129047 3097977
308667 334327 9837034
1283747 1309407 5049907
334327 359987 4694295
1001487 1027147 9700174
1771287 1796947 4664375
1796947 1822607 7456928
308667 334327 8138848
1155447 1181107 274253
1155447 1181107 6451928
1104127 1129787 7032025
231687 257347 2299721
385647 411307 2344062
308667 334327 7106096
180367 206027 874048
1976567 2002227 4869531
1771287 1796947 1806781
308667 334327 9095187
1335067 1360727 1494089
873187 898847 1357526
1360727 1386387 4358970
52067 77727 2686665
1719967 1745627 5809535
1771287 1796947 1994668
1668647 1694307 5283831
1796947 1822607 6312463
821867 847527 1294720
1745627 1771287 8971396
2207507 2233167 4603213
308667 334327 1919637
1745627 1771287 5322492
385647 411307 5290232
1155447 1181107 4746727
436967 462627 4338944
206027 231687 111929
898847 924507 8151511
231687 257347 728900
1642987 1668647 5010794
1309407 1335067 9214866
52067 77727 395556
1642987 1668647 1086521
231687 257347 5296605
206027 231687 6684787
1771287 1796947 3492116
1771287 1796947 4596845
1745627 1771287 9438556
1181107 1206767 9330655
1052807 1078467 7482772
1027147 1052807 3218268
231687 257347 7478747
821867 847527 5473387
1976567 2002227 2312642
1206767 1232427 4754005
359987 385647 9172290
1796947 1822607 5515840
1566007 1591667 3727727
1745627 1771287 3826300
1822607 1848267 9471341
2310147 2335807 7870620
1155447 1181107 4160547
206027 231687 1405384
1360727 1386387 2492206
257347 283007 801873
1822607 1848267 1168665
1027147 1052807 5968006
1412047 1437707 5306698
1719967 1745627 8258501
642247 667907 2750526
1283747 1309407 619604
231687 257347 9136120
1283747 1309407 1626481
206027 231687 8290742
206027 231687 8612391
1822607 1848267 951398
2053547 2079207 4850658
1796947 1822607 8324952
821867 847527 4551878
1001487 1027147 196147
1925247 1950907 2203451
385647 411307 6327725
1642987 1668647 9355596
1771287 1796947 6715254
2104867 2130527 7852465
283007 308667 1819892
539607 565267 8090282
334327 359987 9405110
1771287 1796947 2465933
1027147 1052807 1923489
1694307 1719967 2111906
411307 436967 7319407
1078467 1104127 1578670
693567 719227 9433050
1129787 1155447 1308365
308667 334327 3058835
693567 719227 8439940
1771287 1796947 7931513
1873927 1899587 9876630
1668647 1694307 5338375
52067 77727 6229014
283007 308667 6325517
257347 283007 9727293
1873927 1899587 7597090
1796947 1822607 6562813
1617327 1642987 8336600
2104867 2130527 6541014
436967 462627 5945265
1771287 1796947 3081831
1104127 1129787 9783762
590927 616587 6959687
180367 206027 4487670
1309407 1335067 9320725
1309407 1335067 9142436
1899587 1925247 6253517
1719967 1745627 2549284
1796947 1822607 6179293
1745627 1771287 2007983
1899587 1925247 916471
1129787 1155447 4297317
206027 231687 8820008
283007 308667 7729283
1745627 1771287 7486122
1027147 1052807 4127060
821867 847527 1207157
1771287 1796947 396136
1822607 1848267 9545243
52067 77727 7403267
257347 283007 5701461
257347 283007 4821336
1129787 1155447 7670360
847527 873187 717175
462627 488287 6426733
1642987 1668647 9478786
1796947 1822607 5779904
2207507 2233167 9555751
180367 206027 4398583
385647 411307 8964041
1848267 1873927 3763462
488287 513947 4247808
1822607 1848267 385985
2258827 2284487 3754307
1052807 1078467 2011698
257347 283007 8420964
283007 308667 448300
283007 308667 5943611
2053547 2079207 7173535
1848267 1873927 578214
873187 898847 6956206
283007 308667 1938480
1796947 1822607 2166014
257347 283007 1309327
1642987 1668647 5322833
1283747 1309407 4670036
206027 231687 8665810
411307 436967 8315229
1796947 1822607 6122930
462627 488287 1327245
334327 359987 4525683
2104867 2130527 8929343
26407 52067 8062210
257347 283007 208759
744887 770547 2923531
77727 103387 1480922
1181107 1206767 3697673
1668647 1694307 1835871
1514687 1540347 769691
1796947 1822607 8454599
308667 334327 1429406
1771287 1796947 3375946
1771287 1796947 4476151
257347 283007 3839250
308667 334327 1639216
488287 513947 3777772
257347 283007 8580806
770547 796207 1358524
1437707 1463367 4607168
1873927 1899587 6580530
1822607 1848267 7106563
257347 283007 7392443
796207 821867 5409124
1181107 1206767 5380025
1694307 1719967 8363519
1719967 1745627 3255541
1771287 1796947 7367750
1925247 1950907 2712532
257347 283007 87132
1642987 1668647 362824
747 26407 7245219
1771287 1796947 2606729
1335067 1360727 1839123
1719967 1745627 8092933
385647 411307 5004493
103387 129047 9829397
1719967 1745627 1357039
1873927 1899587 8595568
1694307 1719967 9858089
1848267 1873927 1787236
257347 283007 7426576
796207 821867 6668866
206027 231687 6684210
1822607 1848267 1190809
1822607 1848267 9206634
1719967 1745627 3295015
283007 308667 2129396
1745627 1771287 9171212
1694307 1719967 9360707
1694307 1719967 4994625
2284487 2310147 1798929
873187 898847 8692807
206027 231687 6339000
1822607 1848267 3857059
1129787 1155447 712256
257347 283007 2461577
2053547 2079207 3097912
129047 154707 3578966
2258827 2284487 6144585
359987 385647 5690179
1796947 1822607 1664391
1771287 1796947 6578263
488287 513947 5702666
1206767 1232427 8115485
1899587 1925247 6389565
308667 334327 9677463
847527 873187 6440181
1489027 1514687 1428978
1591667 1617327 6502725
1950907 1976567 49914
873187 898847 699920
1745627 1771287 8703183
257347 283007 9439710
1360727 1386387 1534297
1873927 1899587 9316851
1745627 1771287 1975672
1668647 1694307 8760989
1155447 1181107 3549952
1181107 1206767 910798
1822607 1848267 5742564
231687 257347 5164393
1155447 1181107 7061296
1283747 1309407 1270240
1309407 1335067 5929788
257347 283007 8733950
1258087 1283747 1702814
1258087 1283747 3868033
1129787 1155447 2061280
308667 334327 3861227
1309407 1335067 3328370
334327 359987 4285593
257347 283007 6546529
334327 359987 2659220
1719967 1745627 7817417
359987 385647 9953702
1642987 1668647 2506504
1052807 1078467 1905456
1027147 1052807 4901172
1771287 1796947 9320506
1129787 1155447 4758734
1694307 1719967 8359500
1796947 1822607 1494839
1848267 1873927 5329147
1796947 1822607 7743330
257347 283007 81734
1719967 1745627 4427338
1386387 1412047 929954
1129787 1155447 1242790
1694307 1719967 1919442
1155447 1181107 4900956
924507 950167 4476284
283007 308667 7049778
1796947 1822607 5191929
1719967 1745627 8450763
1719967 1745627 9772524
1283747 1309407 5630544
231687 257347 6037653
1617327 1642987 7800300
1206767 1232427 8891623
1848267 1873927 7560574
385647 411307 594647
1822607 1848267 2458122
1771287 1796947 2085878
1848267 1873927 4029167
1719967 1745627 1152193
1719967 1745627 202719
1848267 1873927 8035384
1796947 1822607 9912586
308667 334327 4137132
1052807 1078467 3564188
1899587 1925247 5434589
283007 308667 9560170
1822607 1848267 4438340
1771287 1796947 7527143
667907 693567 3196844
1771287 1796947 630620
231687 257347 6531206
1309407 1335067 3004888
1771287 1796947 8281726
206027 231687 8471140
1181107 1206767 9666249
1514687 1540347 9249915
1745627 1771287 6141888
2053547 2079207 375096
308667 334327 331698
436967 462627 3581777
873187 898847 8446197
1232427 1258087 1073987
770547 796207 5294270
1668647 1694307 4020430
821867 847527 464306
385647 411307 6225188
334327 359987 2043836
924507 950167 1802972
1642987 1668647 3623329
231687 257347 3061676
796207 821867 3231952
1694307 1719967 6118103
1694307 1719967 5162494
77727 103387 290788
1899587 1925247 8542834
1104127 1129787 901264
1129787 1155447 779677
796207 821867 427268
1335067 1360727 4443629
1155447 1181107 8928458
1360727 1386387 3472610
257347 283007 6612093
257347 283007 7887328
2284487 2310147 3810880
1283747 1309407 4299719
1796947 1822607 9385201
1771287 1796947 1000768
1771287 1796947 5473949
1668647 1694307 4011354
1668647 1694307 9228853
462627 488287 4299348
770547 796207 1884546
667907 693567 6918844
1104127 1129787 6529238
1822607 1848267 9369016
103387 129047 2057475
103387 129047 59683
1129787 1155447 8163345
1745627 1771287 5423579
1822607 1848267 3712426
1822607 1848267 6953816
1848267 1873927 1720025
257347 283007 1791873
1078467 1104127 121971
1822607 1848267 2520122
334327 359987 3646292
1745627 1771287 3446337
1155447 1181107 5557839
257347 283007 9314746
796207 821867 5723103
231687 257347 9685767
231687 257347 2704417
1052807 1078467 6821085
2181847 2207507 8678918
180367 206027 4943124
1360727 1386387 802883
539607 565267 1271101
847527 873187 8208141
77727 103387 2613369
1771287 1796947 3753858
667907 693567 778760
1104127 1129787 3560170
796207 821867 1745184
1694307 1719967 7431454
488287 513947 88959
1335067 1360727 2462407
1848267 1873927 3370435
1155447 1181107 9753676
2284487 2310147 3753465
873187 898847 6246149
1745627 1771287 1659251
308667 334327 4499508
1925247 1950907 6578653
513947 539607 808244
1822607 1848267 2449682
1129787 1155447 8884210
1873927 1899587 7553067
283007 308667 5440284
231687 257347 5354969
206027 231687 422297
334327 359987 3584884
308667 334327 1963320
231687 257347 7984339
206027 231687 3938219
1463367 1489027 4609501
257347 283007 3025590
257347 283007 9384160
1745627 1771287 7152930
257347 283007 8325281
385647 411307 4494584
1719967 1745627 1553075
2335807 2361467 9876971
488287 513947 6116236
1719967 1745627 2487317
1822607 1848267 4129108
821867 847527 6573286
1822607 1848267 6712704
257347 283007 5902168
257347 283007 5334687
1771287 1796947 3463271
1848267 1873927 3155828
257347 283007 838848
359987 385647 5464772
1309407 1335067 717368
1437707 1463367 2838768
1694307 1719967 1827327
206027 231687 328773
1694307 1719967 1587733
1848267 1873927 3680786
1848267 1873927 6460796
2002227 2027887 8948218
1360727 1386387 6435758
1309407 1335067 1296012
1719967 1745627 8365521
411307 436967 9302160
1822607 1848267 6434600
1258087 1283747 7101859
283007 308667 1486669
1309407 1335067 6639750
1796947 1822607 8711068
206027 231687 7510706
1258087 1283747 6563058
231687 257347 7986223
796207 821867 3423767
1694307 1719967 2627877
26407 52067 8856696
565267 590927 7807154
1335067 1360727 7665689
1925247 1950907 1703806
231687 257347 1157961
283007 308667 8481549
1694307 1719967 1107606
1283747 1309407 3064788
231687 257347 8924931
1694307 1719967 997390
873187 898847 5713656
231687 257347 9253711
1745627 1771287 1613945
642247 667907 6713433
1745627 1771287 1815450
257347 283007 1462701
1771287 1796947 3807410
1719967 1745627 8990693
2310147 2335807 8099662
719227 744887 6609472
1796947 1822607 4577128
950167 975827 4618494
513947 539607 9898073
1283747 1309407 5996654
2053547 2079207 5802123
1617327 1642987 5817284
1052807 1078467 6929522
1668647 1694307 7433520
1719967 1745627 7336252
1566007 1591667 3693099
1796947 1822607 9758662
1694307 1719967 1960083
231687 257347 2078418
847527 873187 5609338
462627 488287 2236535
1694307 1719967 4554426
1873927 1899587 220632
1822607 1848267 579148
1181107 1206767 9536792
1027147 1052807 3391065
257347 283007 8283789
1873927 1899587 6746513
334327 359987 5549747
308667 334327 1885500
1309407 1335067 8933858
1129787 1155447 6243470
1745627 1771287 1417539
308667 334327 1834814
1181107 1206767 9890944
257347 283007 869593
1078467 1104127 7059002
1796947 1822607 3386579
257347 283007 2076608
1335067 1360727 6887774
1822607 1848267 158844
77727 103387 7744766
1848267 1873927 4220336
411307 436967 3550685
1719967 1745627 5721826
1283747 1309407 3883611
1283747 1309407 8327061
1489027 1514687 4025577
231687 257347 6257209
1873927 1899587 6327575
1796947 1822607 4126179
796207 821867 4181098
1796947 1822607 6083136
1873927 1899587 1670130
1489027 1514687 8226119
231687 257347 1846940
1822607 1848267 6204589
2233167 2258827 912324
1617327 1642987 3027742
462627 488287 1027342
1771287 1796947 6809257
283007 308667 7473910
1309407 1335067 5206523
488287 513947 3156132
847527 873187 2816463
693567 719227 8071300
1694307 1719967 8551333
1745627 1771287 426902
1694307 1719967 3196209
1258087 1283747 9556482
2258827 2284487 1034902
1052807 1078467 69231
1745627 1771287 6124499
1514687 1540347 2570260
1129787 1155447 1793405
847527 873187 6942606
2233167 2258827 155310
1796947 1822607 8984692
385647 411307 4859837
1668647 1694307 2428968
1771287 1796947 9107759
1848267 1873927 4850287
1848267 1873927 5833836
1745627 1771287 5918532
308667 334327 217781
26407 52067 4438120
2335807 2361467 3241813
770547 796207 9705789
308667 334327 8036374
257347 283007 588500
283007 308667 1950710
1694307 1719967 6073412
231687 257347 1650842
1822607 1848267 2387005
1848267 1873927 1838851
257347 283007 8641884
1848267 1873927 3030655
283007 308667 4350528
1258087 1283747 9185761
257347 283007 1479516
308667 334327 2375924
1052807 1078467 587278
257347 283007 1756460
1822607 1848267 9863793
1899587 1925247 5395998
1309407 1335067 1113710
1309407 1335067 1655473
1822607 1848267 4531097
334327 359987 9083285
283007 308667 1537850
1873927 1899587 1179764
1848267 1873927 2434728
2130527 2156187 1241192
1283747 1309407 4086877
847527 873187 7509932
1514687 1540347 994631
1309407 1335067 5813653
1745627 1771287 2554716
2335807 2361467 3301954
1745627 1771287 1356272
1719967 1745627 7536658
462627 488287 3794378
1206767 1232427 3899350
1796947 1822607 5475444
898847 924507 5324743
1873927 1899587 4988113
1719967 1745627 3831610
513947 539607 2210037
488287 513947 276625
1771287 1796947 1812784
411307 436967 8121076
796207 821867 74604
667907 693567 8526657
180367 206027 4594232
1206767 1232427 6981952
283007 308667 1751204
2130527 2156187 6151579
975827 1001487 9160654
283007 308667 5156876
257347 283007 2566717
2104867 2130527 2583384
898847 924507 842221
1386387 1412047 9784443
308667 334327 5577898
770547 796207 7299236
231687 257347 6260897
1873927 1899587 7441123
898847 924507 3965107
462627 488287 1880864
2002227 2027887 5942284
1335067 1360727 4692431
257347 283007 3400308
1745627 1771287 6322913
1796947 1822607 3927268
1155447 1181107 6605181
1848267 1873927 1739612
52067 77727 2419055
283007 308667 611571
1027147 1052807 3269216
1181107 1206767 3215535
231687 257347 9690439
257347 283007 2960022
52067 77727 1940895
411307 436967 7077509
26407 52067 5692122
308667 334327 163903
1052807 1078467 2145301
1642987 1668647 3933768
206027 231687 2662284
129047 154707 4576884
2233167 2258827 3242959
334327 359987 6775482
1771287 1796947 9592117
1283747 1309407 2685517
1899587 1925247 6171153
2130527 2156187 120301
2156187 2181847 2496035
206027 231687 2680825
1796947 1822607 561489
1668647 1694307 2786761
1181107 1206767 9854998
283007 308667 8746938
1540347 1566007 4109882
1437707 1463367 4389129
642247 667907 6497091
693567 719227 9445732
1078467 1104127 1768491
385647 411307 3766206
1796947 1822607 8920786
308667 334327 3768546
1771287 1796947 4563254
1899587 1925247 8441290
1027147 1052807 7909728
283007 308667 7365681
667907 693567 364321
1822607 1848267 1686759
1078467 1104127 9493886
488287 513947 7487587
1078467 1104127 8991208
1771287 1796947 4128798
180367 206027 7089584
52067 77727 1744926
1771287 1796947 6553145
2027887 2053547 8867280
257347 283007 1756142
52067 77727 2429083
1463367 1489027 8974198
1719967 1745627 3774129
257347 283007 2719654
1668647 1694307 8243623
1950907 1976567 7177783
1771287 1796947 3020231
77727 103387 9706168
231687 257347 519845
1771287 1796947 3420101
2284487 2310147 9321199
1694307 1719967 9438713
231687 257347 4545033
821867 847527 4369184
1642987 1668647 358233
1412047 1437707 7147313
1771287 1796947 2639326
283007 308667 9665658
1796947 1822607 8305031
283007 308667 9600925
1437707 1463367 5203266
257347 283007 7875258
257347 283007 9729618
1155447 1181107 1590509
2079207 2104867 9721317
539607 565267 960635
1668647 1694307 1772005
796207 821867 5283399
1642987 1668647 8338190
1771287 1796947 1928202
411307 436967 2586432
1873927 1899587 9807938
1283747 1309407 6505109
52067 77727 9840619
719227 744887 1563446
1412047 1437707 8255724
1925247 1950907 9796458
488287 513947 7206100
1745627 1771287 2485871
1822607 1848267 5973189
719227 744887 1333517
52067 77727 507056
1283747 1309407 2790247
1052807 1078467 2038466
1745627 1771287 2417684
180367 206027 6884253
1181107 1206767 1614189
308667 334327 4547402
1360727 1386387 6477736
1771287 1796947 5337070
257347 283007 8154789
1052807 1078467 2772156
1848267 1873927 9691399
1925247 1950907 2112555
1822607 1848267 2174727
154707 180367 8419560
924507 950167 4714628
1668647 1694307 4919052
334327 359987 6507741
847527 873187 3642769
1745627 1771287 9344131
1848267 1873927 7254786
1848267 1873927 703561
2130527 2156187 7456882
180367 206027 891774
257347 283007 2892590
1771287 1796947 3545405
283007 308667 8447669
334327 359987 9516930
1771287 1796947 9324648
1796947 1822607 1108736
385647 411307 4346621
2310147 2335807 7521842
257347 283007 8323641
1899587 1925247 8424880
1694307 1719967 5017310
1078467 1104127 6216131
385647 411307 9147489
1309407 1335067 3177019
206027 231687 3172447
26407 52067 5484031
1309407 1335067 3679954
1719967 1745627 6374500
1822607 1848267 4504191
1822607 1848267 138946
1848267 1873927 1655346
436967 462627 7850820
231687 257347 6770605
1822607 1848267 7564032
231687 257347 3524573
1232427 1258087 3923527
1052807 1078467 3921359
1078467 1104127 5405373
1899587 1925247 2970338
1822607 1848267 718251
1001487 1027147 3407164
1771287 1796947 6771987
1899587 1925247 4638209
1796947 1822607 8953860
1694307 1719967 5576770
231687 257347 257456
103387 129047 8540595
231687 257347 5352635
1694307 1719967 720289
52067 77727 6308181
1771287 1796947 7886882
1489027 1514687 1044106
1206767 1232427 9900429
231687 257347 6932696
1745627 1771287 7433772
26407 52067 2750593
924507 950167 2779312
231687 257347 2567075
334327 359987 7835236
1360727 1386387 4682245
2130527 2156187 555685
436967 462627 7851058
898847 924507 7808785
1309407 1335067 3148108
719227 744887 3141503
1232427 1258087 261017
52067 77727 6220590
1129787 1155447 4065890
616587 642247 1856064
206027 231687 243196
1745627 1771287 2484456
2130527 2156187 2647206
1694307 1719967 9984866
1335067 1360727 4015638
1745627 1771287 9519779
1437707 1463367 2801997
1668647 1694307 9688274
1283747 1309407 7171762
1694307 1719967 2007926
796207 821867 8286943
1591667 1617327 4630895
1848267 1873927 1963445
1822607 1848267 920490
1771287 1796947 1860533
642247 667907 7296528
283007 308667 8397714
1642987 1668647 4867646
1745627 1771287 8519681
821867 847527 1102587
1771287 1796947 3892180
385647 411307 9054438
1796947 1822607 5943878
1232427 1258087 2857327
283007 308667 942232
206027 231687 3381896
1719967 1745627 8772444
1873927 1899587 8061979
1873927 1899587 5424784
2181847 2207507 1638973
231687 257347 4036206
283007 308667 5489444
847527 873187 4575489
1719967 1745627 8046294
462627 488287 3155195
1822607 1848267 4424995
1104127 1129787 2536517
1514687 1540347 2902613
257347 283007 177624
1129787 1155447 2688549
1335067 1360727 8561227
308667 334327 1339759
385647 411307 2897324
898847 924507 2798121
385647 411307 343186
1976567 2002227 7338641
1181107 1206767 993266
1027147 1052807 7589669
1283747 1309407 2146865
1104127 1129787 9449688
1027147 1052807 6145147
385647 411307 1375874
1335067 1360727 9973074
180367 206027 6819479
1027147 1052807 632041
1360727 1386387 8316059
206027 231687 4786866
283007 308667 3803093
1617327 1642987 4126773
1027147 1052807 6246210
206027 231687 1018019
231687 257347 8814540
1796947 1822607 4682667
411307 436967 4155708
2104867 2130527 8663947
1258087 1283747 6481132
1283747 1309407 396009
1719967 1745627 8939455
26407 52067 328547
1694307 1719967 3550037
1335067 1360727 3016419
231687 257347 3397755
1822607 1848267 3213752
1771287 1796947 1690977
590927 616587 3023714
1822607 1848267 6539022
283007 308667 5005868
436967 462627 4488215
1719967 1745627 2253056
283007 308667 5767054
257347 283007 6202614
1719967 1745627 294073
1848267 1873927 7466413
2156187 2181847 8251012
1694307 1719967 6759134
1822607 1848267 5305271
52067 77727 3511726
1052807 1078467 666987
2284487 2310147 1194818
206027 231687 1474874
1771287 1796947 4866328
1514687 1540347 6114997
308667 334327 4044565
1129787 1155447 3497626
1745627 1771287 3030233
1668647 1694307 2062406
359987 385647 982234
1719967 1745627 4709864
1129787 1155447 1609136
488287 513947 1072247
2258827 2284487 4857773
283007 308667 5423461
847527 873187 9264048
1745627 1771287 467732
1309407 1335067 4776506
206027 231687 1707273
231687 257347 2434625
2233167 2258827 2038623
1412047 1437707 1981252
283007 308667 3766141
1745627 1771287 5494047
2207507 2233167 1814155
231687 257347 4813088
1873927 1899587 5629345
1873927 1899587 6835929
1258087 1283747 4770497
257347 283007 6570935
180367 206027 4109063
1129787 1155447 9942867
103387 129047 83358
796207 821867 9471496
1873927 1899587 2143862
1206767 1232427 2090948
1052807 1078467 9207987
1668647 1694307 9693091
2207507 2233167 814184
693567 719227 161337
2104867 2130527 2012420
847527 873187 6143791
1771287 1796947 1062412
206027 231687 7794832
1668647 1694307 8064522
26407 52067 6348388
206027 231687 5089605
1283747 1309407 5352318
436967 462627 8030001
