1000
595964 606991 1
750342 761369 2
419532 430559 2
1136287 1147314 2
165911 176938 3
11533 22560 3
529802 540829 2
551856 562883 3
265154 276181 1
1158341 1169368 1
849585 860612 2
210019 221046 2
584937 595964 1
684180 695207 1
430559 441586 2
871639 882666 2
992936 1003963 2
551856 562883 3
629045 640072 2
662126 673153 1
22560 33587 1
937801 948828 1
706234 717261 3
342343 353370 1
1070125 1081152 3
860612 871639 2
562883 573910 3
717261 728288 1
386451 397478 1
165911 176938 2
948828 959855 3
970882 981909 3
33587 44614 1
937801 948828 2
1180395 1191422 2
562883 573910 2
706234 717261 2
992936 1003963 3
794450 805477 1
573910 584937 1
584937 595964 1
474667 485694 2
739315 750342 2
309262 320289 3
959855 970882 2
706234 717261 1
1070125 1081152 3
992936 1003963 1
210019 221046 3
662126 673153 2
772396 783423 3
651099 662126 2
364397 375424 3
287208 298235 2
871639 882666 3
640072 651099 1
629045 640072 3
662126 673153 3
584937 595964 1
562883 573910 2
518775 529802 1
551856 562883 2
640072 651099 1
684180 695207 2
1103206 1114233 2
1114233 1125260 1
562883 573910 1
540829 551856 1
882666 893693 1
926774 937801 2
618018 629045 1
684180 695207 2
849585 860612 2
640072 651099 2
706234 717261 1
507748 518775 1
761369 772396 3
739315 750342 3
254127 265154 2
684180 695207 2
386451 397478 1
265154 276181 3
772396 783423 2
1003963 1014990 1
529802 540829 1
772396 783423 2
419532 430559 3
287208 298235 3
507748 518775 1
474667 485694 2
419532 430559 1
265154 276181 3
882666 893693 1
904720 915747 1
573910 584937 1
750342 761369 3
684180 695207 2
662126 673153 1
121803 132830 3
684180 695207 2
981909 992936 2
562883 573910 1
176938 187965 1
562883 573910 3
816504 827531 2
562883 573910 1
375424 386451 2
849585 860612 3
937801 948828 2
1037044 1048071 2
651099 662126 1
1103206 1114233 2
970882 981909 1
1003963 1014990 2
684180 695207 2
506 11533 3
397478 408505 1
893693 904720 3
584937 595964 1
187965 198992 2
573910 584937 1
375424 386451 3
551856 562883 2
1114233 1125260 1
629045 640072 1
673153 684180 1
353370 364397 2
871639 882666 3
22560 33587 2
496721 507748 2
695207 706234 3
860612 871639 1
452613 463640 2
1158341 1169368 3
562883 573910 1
662126 673153 2
1169368 1180395 2
529802 540829 1
540829 551856 3
33587 44614 3
904720 915747 3
298235 309262 1
562883 573910 1
320289 331316 2
463640 474667 2
540829 551856 2
662126 673153 1
838558 849585 2
717261 728288 3
386451 397478 2
860612 871639 1
838558 849585 2
849585 860612 2
772396 783423 3
507748 518775 2
595964 606991 3
640072 651099 3
584937 595964 2
540829 551856 3
739315 750342 2
408505 419532 2
507748 518775 3
640072 651099 3
651099 662126 1
805477 816504 3
1014990 1026017 1
893693 904720 3
684180 695207 1
518775 529802 2
1125260 1136287 2
1081152 1092179 1
618018 629045 1
507748 518775 3
1070125 1081152 3
584937 595964 2
386451 397478 1
1081152 1092179 2
562883 573910 3
529802 540829 3
1014990 1026017 2
882666 893693 1
915747 926774 2
739315 750342 1
551856 562883 2
629045 640072 2
772396 783423 3
673153 684180 1
562883 573910 1
673153 684180 2
673153 684180 1
176938 187965 1
728288 739315 1
827531 838558 3
540829 551856 1
1014990 1026017 1
540829 551856 1
992936 1003963 2
970882 981909 2
1014990 1026017 3
419532 430559 2
430559 441586 1
772396 783423 2
452613 463640 1
529802 540829 1
1092179 1103206 2
640072 651099 3
584937 595964 2
970882 981909 3
805477 816504 3
540829 551856 1
562883 573910 3
143857 154884 1
176938 187965 3
551856 562883 3
728288 739315 2
551856 562883 2
176938 187965 3
518775 529802 2
529802 540829 1
595964 606991 2
970882 981909 2
959855 970882 2
1136287 1147314 1
309262 320289 3
1169368 1180395 3
728288 739315 3
761369 772396 2
232073 243100 1
629045 640072 3
948828 959855 2
1180395 1191422 3
673153 684180 1
176938 187965 3
1092179 1103206 1
629045 640072 3
309262 320289 1
684180 695207 2
915747 926774 1
794450 805477 1
761369 772396 1
618018 629045 3
761369 772396 2
706234 717261 2
893693 904720 1
1191422 1202449 2
1003963 1014990 2
221046 232073 2
640072 651099 2
838558 849585 1
287208 298235 1
562883 573910 2
540829 551856 2
309262 320289 2
518775 529802 2
838558 849585 2
629045 640072 1
518775 529802 2
761369 772396 3
232073 243100 3
518775 529802 3
518775 529802 3
176938 187965 3
761369 772396 3
651099 662126 3
937801 948828 3
518775 529802 3
540829 551856 2
640072 651099 2
959855 970882 1
99749 110776 1
551856 562883 3
99749 110776 1
584937 595964 1
706234 717261 1
595964 606991 2
33587 44614 3
110776 121803 2
232073 243100 1
187965 198992 2
573910 584937 1
761369 772396 3
882666 893693 3
838558 849585 2
662126 673153 3
959855 970882 2
386451 397478 2
728288 739315 3
529802 540829 2
849585 860612 2
1114233 1125260 2
893693 904720 3
529802 540829 2
1169368 1180395 2
662126 673153 3
430559 441586 2
419532 430559 1
187965 198992 1
1048071 1059098 1
518775 529802 1
1070125 1081152 1
584937 595964 3
1114233 1125260 2
419532 430559 2
750342 761369 1
717261 728288 2
452613 463640 1
595964 606991 3
210019 221046 1
1158341 1169368 2
507748 518775 2
518775 529802 1
761369 772396 1
540829 551856 1
860612 871639 1
992936 1003963 3
606991 618018 3
827531 838558 2
573910 584937 3
430559 441586 2
221046 232073 3
706234 717261 1
331316 342343 3
673153 684180 3
629045 640072 3
849585 860612 2
662126 673153 3
221046 232073 3
772396 783423 2
408505 419532 3
573910 584937 1
584937 595964 2
518775 529802 2
232073 243100 3
430559 441586 2
99749 110776 3
606991 618018 2
772396 783423 2
595964 606991 3
651099 662126 2
110776 121803 3
507748 518775 1
331316 342343 2
375424 386451 3
562883 573910 2
750342 761369 1
540829 551856 1
419532 430559 1
364397 375424 2
706234 717261 2
717261 728288 2
320289 331316 3
651099 662126 2
651099 662126 1
551856 562883 1
430559 441586 1
948828 959855 3
143857 154884 2
551856 562883 2
970882 981909 2
44614 55641 2
717261 728288 1
287208 298235 2
529802 540829 1
386451 397478 1
507748 518775 1
992936 1003963 3
948828 959855 2
540829 551856 1
55641 66668 3
165911 176938 3
695207 706234 2
717261 728288 3
772396 783423 2
706234 717261 3
695207 706234 1
198992 210019 2
573910 584937 2
992936 1003963 2
849585 860612 3
540829 551856 2
937801 948828 2
309262 320289 3
1037044 1048071 1
507748 518775 1
419532 430559 1
992936 1003963 3
860612 871639 1
474667 485694 3
232073 243100 3
673153 684180 3
419532 430559 3
651099 662126 3
562883 573910 1
1014990 1026017 3
772396 783423 3
562883 573910 2
662126 673153 3
595964 606991 1
673153 684180 2
662126 673153 1
849585 860612 1
606991 618018 2
573910 584937 1
430559 441586 3
176938 187965 3
540829 551856 3
926774 937801 2
66668 77695 3
298235 309262 1
761369 772396 2
827531 838558 3
595964 606991 1
706234 717261 1
22560 33587 3
1125260 1136287 2
629045 640072 2
562883 573910 1
1014990 1026017 1
1114233 1125260 2
871639 882666 3
673153 684180 1
706234 717261 2
871639 882666 2
706234 717261 2
673153 684180 1
1158341 1169368 2
529802 540829 3
849585 860612 2
22560 33587 2
706234 717261 1
651099 662126 2
298235 309262 2
959855 970882 1
772396 783423 2
562883 573910 2
706234 717261 2
970882 981909 3
673153 684180 2
507748 518775 2
651099 662126 3
651099 662126 2
386451 397478 2
55641 66668 1
386451 397478 1
276181 287208 3
595964 606991 2
573910 584937 1
1114233 1125260 1
728288 739315 3
540829 551856 3
1114233 1125260 2
1003963 1014990 3
772396 783423 3
110776 121803 1
717261 728288 2
1014990 1026017 1
11533 22560 1
507748 518775 3
66668 77695 3
618018 629045 1
165911 176938 1
1180395 1191422 3
573910 584937 1
1070125 1081152 2
364397 375424 2
706234 717261 2
551856 562883 1
1169368 1180395 2
673153 684180 1
937801 948828 3
243100 254127 1
584937 595964 2
584937 595964 1
595964 606991 2
959855 970882 2
210019 221046 1
44614 55641 1
507748 518775 1
1125260 1136287 3
595964 606991 2
540829 551856 1
629045 640072 3
838558 849585 1
750342 761369 1
629045 640072 2
529802 540829 3
629045 640072 3
562883 573910 2
165911 176938 3
662126 673153 2
320289 331316 2
651099 662126 3
11533 22560 1
55641 66668 1
651099 662126 3
673153 684180 1
573910 584937 3
309262 320289 3
419532 430559 2
529802 540829 3
507748 518775 1
1125260 1136287 2
871639 882666 1
662126 673153 2
981909 992936 2
1070125 1081152 3
1026017 1037044 3
673153 684180 1
1037044 1048071 1
562883 573910 3
926774 937801 3
860612 871639 1
33587 44614 2
540829 551856 1
849585 860612 1
640072 651099 2
518775 529802 1
419532 430559 3
287208 298235 1
529802 540829 3
717261 728288 1
573910 584937 2
287208 298235 1
584937 595964 3
562883 573910 1
1014990 1026017 2
606991 618018 3
287208 298235 3
1081152 1092179 2
529802 540829 1
937801 948828 1
143857 154884 2
805477 816504 3
529802 540829 1
529802 540829 2
761369 772396 1
551856 562883 1
849585 860612 2
1114233 1125260 3
386451 397478 2
651099 662126 2
640072 651099 3
232073 243100 3
430559 441586 3
386451 397478 1
651099 662126 2
618018 629045 3
772396 783423 2
739315 750342 1
882666 893693 2
507748 518775 2
408505 419532 2
662126 673153 3
640072 651099 3
739315 750342 2
430559 441586 2
1147314 1158341 2
959855 970882 2
695207 706234 2
849585 860612 3
22560 33587 2
474667 485694 1
662126 673153 2
243100 254127 3
507748 518775 2
419532 430559 1
298235 309262 1
772396 783423 1
1158341 1169368 3
662126 673153 3
981909 992936 1
937801 948828 3
584937 595964 2
1158341 1169368 1
1059098 1070125 2
386451 397478 3
584937 595964 1
551856 562883 2
618018 629045 3
584937 595964 2
1014990 1026017 3
474667 485694 3
959855 970882 1
518775 529802 1
662126 673153 3
1202449 1213476 2
629045 640072 2
651099 662126 3
640072 651099 1
838558 849585 1
651099 662126 1
595964 606991 3
551856 562883 3
441586 452613 1
507748 518775 3
970882 981909 3
640072 651099 2
684180 695207 3
298235 309262 3
750342 761369 1
22560 33587 1
640072 651099 1
673153 684180 1
948828 959855 3
1014990 1026017 1
320289 331316 1
695207 706234 3
618018 629045 2
838558 849585 2
717261 728288 2
629045 640072 3
518775 529802 1
684180 695207 3
518775 529802 3
662126 673153 1
629045 640072 1
970882 981909 1
132830 143857 2
518775 529802 1
783423 794450 1
772396 783423 3
496721 507748 3
673153 684180 1
1059098 1070125 2
176938 187965 1
651099 662126 1
618018 629045 1
386451 397478 2
22560 33587 1
860612 871639 1
750342 761369 2
165911 176938 2
243100 254127 1
507748 518775 2
419532 430559 3
794450 805477 3
948828 959855 1
717261 728288 2
860612 871639 2
937801 948828 2
386451 397478 2
750342 761369 2
1070125 1081152 1
651099 662126 3
640072 651099 1
992936 1003963 3
562883 573910 3
254127 265154 3
1003963 1014990 3
66668 77695 2
706234 717261 3
243100 254127 1
673153 684180 1
1092179 1103206 1
364397 375424 1
584937 595964 2
673153 684180 2
1014990 1026017 3
210019 221046 3
1158341 1169368 3
298235 309262 3
640072 651099 3
298235 309262 2
1147314 1158341 3
110776 121803 3
882666 893693 2
662126 673153 1
331316 342343 3
518775 529802 3
1070125 1081152 2
276181 287208 3
695207 706234 3
640072 651099 1
529802 540829 1
926774 937801 3
1158341 1169368 2
640072 651099 3
937801 948828 3
662126 673153 1
618018 629045 3
772396 783423 1
562883 573910 3
761369 772396 1
904720 915747 1
618018 629045 1
518775 529802 3
827531 838558 1
640072 651099 2
673153 684180 1
176938 187965 2
1092179 1103206 2
948828 959855 2
375424 386451 2
717261 728288 2
981909 992936 2
529802 540829 3
507748 518775 2
88722 99749 1
562883 573910 2
948828 959855 1
320289 331316 1
507748 518775 2
629045 640072 3
1070125 1081152 3
1169368 1180395 1
518775 529802 3
1014990 1026017 2
783423 794450 2
573910 584937 3
1158341 1169368 1
651099 662126 1
959855 970882 3
860612 871639 3
662126 673153 1
662126 673153 1
1026017 1037044 3
772396 783423 2
959855 970882 2
673153 684180 1
22560 33587 3
419532 430559 2
66668 77695 2
662126 673153 3
364397 375424 1
684180 695207 2
1003963 1014990 2
573910 584937 2
827531 838558 1
22560 33587 3
1103206 1114233 2
706234 717261 1
419532 430559 3
651099 662126 1
651099 662126 1
673153 684180 1
849585 860612 3
838558 849585 1
287208 298235 2
110776 121803 2
684180 695207 1
772396 783423 1
706234 717261 2
507748 518775 2
948828 959855 2
706234 717261 3
187965 198992 3
695207 706234 3
695207 706234 2
1070125 1081152 1
573910 584937 3
717261 728288 1
606991 618018 2
584937 595964 1
1003963 1014990 2
640072 651099 1
1003963 1014990 3
871639 882666 3
1114233 1125260 1
110776 121803 3
419532 430559 2
518775 529802 2
948828 959855 3
651099 662126 1
507748 518775 1
706234 717261 3
187965 198992 2
1003963 1014990 1
518775 529802 1
518775 529802 3
640072 651099 3
496721 507748 1
882666 893693 3
1169368 1180395 2
838558 849585 2
540829 551856 3
243100 254127 3
110776 121803 1
320289 331316 3
529802 540829 3
573910 584937 3
673153 684180 3
397478 408505 3
540829 551856 1
904720 915747 3
651099 662126 3
518775 529802 2
1202449 1213476 2
562883 573910 3
287208 298235 2
154884 165911 2
540829 551856 2
1191422 1202449 3
1070125 1081152 3
397478 408505 1
198992 210019 2
221046 232073 3
364397 375424 3
507748 518775 2
584937 595964 1
673153 684180 3
595964 606991 2
640072 651099 1
673153 684180 3
662126 673153 2
529802 540829 1
761369 772396 1
595964 606991 3
640072 651099 3
1081152 1092179 3
981909 992936 2
1136287 1147314 2
298235 309262 1
992936 1003963 1
904720 915747 2
618018 629045 2
518775 529802 1
243100 254127 2
110776 121803 3
507748 518775 2
772396 783423 3
651099 662126 3
165911 176938 1
629045 640072 2
540829 551856 1
507748 518775 1
640072 651099 3
573910 584937 3
618018 629045 3
397478 408505 3
77695 88722 3
287208 298235 1
309262 320289 2
232073 243100 3
408505 419532 3
1026017 1037044 1
893693 904720 3
584937 595964 2
1070125 1081152 3
673153 684180 1
518775 529802 3
320289 331316 1
518775 529802 2
937801 948828 2
629045 640072 2
1003963 1014990 1
783423 794450 1
860612 871639 1
154884 165911 1
772396 783423 1
684180 695207 3
540829 551856 3
551856 562883 1
1037044 1048071 1
11533 22560 3
485694 496721 2
651099 662126 2
176938 187965 1
276181 287208 3
673153 684180 3
1081152 1092179 2
496721 507748 1
640072 651099 2
518775 529802 3
629045 640072 1
573910 584937 2
529802 540829 3
584937 595964 2
651099 662126 2
44614 55641 1
783423 794450 3
684180 695207 2
518775 529802 3
937801 948828 2
904720 915747 2
684180 695207 3
386451 397478 1
165911 176938 3
309262 320289 1
529802 540829 1
629045 640072 1
882666 893693 3
695207 706234 3
981909 992936 1
540829 551856 1
1147314 1158341 2
419532 430559 2
386451 397478 3
540829 551856 2
529802 540829 3
651099 662126 3
1092179 1103206 3
309262 320289 2
1202449 1213476 3
320289 331316 1
386451 397478 3
386451 397478 2
507748 518775 1
629045 640072 2
397478 408505 3
198992 210019 2
573910 584937 2
1158341 1169368 1
518775 529802 2
1081152 1092179 1
1059098 1070125 2
959855 970882 3
684180 695207 2
618018 629045 3
849585 860612 3
430559 441586 3
551856 562883 2
640072 651099 2
684180 695207 3
562883 573910 3
529802 540829 2
992936 1003963 1
507748 518775 1
507748 518775 3
640072 651099 3
551856 562883 2
827531 838558 2
871639 882666 1
595964 606991 1
992936 1003963 3
507748 518775 1
210019 221046 3
772396 783423 3
717261 728288 2
562883 573910 1
33587 44614 1
584937 595964 1
772396 783423 2
717261 728288 2
309262 320289 2
375424 386451 2
584937 595964 1
695207 706234 3
684180 695207 3
342343 353370 3
992936 1003963 1
662126 673153 2
706234 717261 2
309262 320289 1
562883 573910 1
1003963 1014990 1
651099 662126 3
970882 981909 3
287208 298235 2
948828 959855 1
33587 44614 2
584937 595964 3
584937 595964 1
44614 55641 2
805477 816504 1
419532 430559 3
618018 629045 3
562883 573910 2
992936 1003963 3
662126 673153 3
882666 893693 1
353370 364397 1
750342 761369 3
507748 518775 1
562883 573910 2
1081152 1092179 2
1026017 1037044 3
518775 529802 1
706234 717261 2
651099 662126 2
518775 529802 1
529802 540829 3
629045 640072 3
651099 662126 1
629045 640072 3
243100 254127 2
518775 529802 3
1125260 1136287 1
529802 540829 3
739315 750342 1
904720 915747 1
584937 595964 3
364397 375424 2
772396 783423 3
640072 651099 1
882666 893693 1
662126 673153 2
507748 518775 3
937801 948828 2
1114233 1125260 2
1026017 1037044 3
496721 507748 2
772396 783423 3
772396 783423 1
165911 176938 3
838558 849585 1
640072 651099 1
386451 397478 3
110776 121803 3
1158341 1169368 3
860612 871639 3
