1000
1306365 1339858 13
1272872 1306365 49
1172393 1205886 50
2076704 2110197 38
1976225 2009718 50
803970 837463 8
1239379 1272872 39
770477 803970 55
603012 636505 23
1808760 1842253 11
268082 301575 23
435547 469040 12
1306365 1339858 45
1239379 1272872 16
1306365 1339858 1
301575 335068 60
569519 603012 44
1574309 1607802 41
1775267 1808760 3
1071914 1105407 60
2177183 2210676 39
1574309 1607802 53
1976225 2009718 2
569519 603012 44
402054 435547 30
1540816 1574309 9
1574309 1607802 40
1808760 1842253 58
603012 636505 3
1406844 1440337 29
1507323 1540816 49
1607802 1641295 58
2009718 2043211 22
1172393 1205886 13
402054 435547 34
1440337 1473830 36
368561 402054 13
1909239 1942732 41
1540816 1574309 42
1808760 1842253 14
1272872 1306365 15
770477 803970 1
435547 469040 56
67124 100617 41
1540816 1574309 49
2210676 2244169 17
770477 803970 58
335068 368561 20
1172393 1205886 1
1138900 1172393 1
1172393 1205886 41
1105407 1138900 13
2143690 2177183 10
502533 536026 31
1875746 1909239 42
402054 435547 14
268082 301575 43
1138900 1172393 40
201096 234589 39
1808760 1842253 58
435547 469040 39
2043211 2076704 11
1172393 1205886 28
268082 301575 38
536026 569519 58
1239379 1272872 15
837463 870956 15
937942 971435 4
1138900 1172393 39
636505 669998 47
1138900 1172393 60
1071914 1105407 31
502533 536026 40
904449 937942 45
536026 569519 17
1339858 1373351 36
1138900 1172393 42
368561 402054 52
1842253 1875746 56
1339858 1373351 35
536026 569519 34
1071914 1105407 4
1272872 1306365 12
1172393 1205886 52
1406844 1440337 24
1909239 1942732 34
502533 536026 31
669998 703491 35
636505 669998 52
1105407 1138900 26
402054 435547 51
1038421 1071914 25
1641295 1674788 4
770477 803970 43
1373351 1406844 28
569519 603012 20
1172393 1205886 11
2043211 2076704 54
736984 770477 40
536026 569519 54
669998 703491 30
1507323 1540816 52
1272872 1306365 51
402054 435547 6
1507323 1540816 50
636505 669998 47
536026 569519 27
268082 301575 18
1406844 1440337 14
2043211 2076704 53
703491 736984 25
402054 435547 40
1473830 1507323 27
1172393 1205886 57
1272872 1306365 3
636505 669998 14
569519 603012 31
134110 167603 20
636505 669998 28
67124 100617 9
1138900 1172393 25
1473830 1507323 49
1540816 1574309 55
502533 536026 25
2110197 2143690 13
669998 703491 34
1942732 1976225 16
1540816 1574309 20
770477 803970 49
1306365 1339858 9
1507323 1540816 13
1138900 1172393 15
2043211 2076704 33
469040 502533 15
2110197 2143690 10
1272872 1306365 8
1105407 1138900 47
1507323 1540816 52
1306365 1339858 49
502533 536026 18
971435 1004928 39
335068 368561 29
1172393 1205886 20
1138900 1172393 55
402054 435547 9
1339858 1373351 17
335068 368561 18
536026 569519 57
1440337 1473830 6
335068 368561 60
301575 335068 9
1808760 1842253 42
2110197 2143690 31
1071914 1105407 31
301575 335068 11
603012 636505 45
1306365 1339858 58
335068 368561 2
435547 469040 12
502533 536026 30
1339858 1373351 2
569519 603012 41
2210676 2244169 10
167603 201096 29
603012 636505 36
1339858 1373351 56
1038421 1071914 1
603012 636505 16
1574309 1607802 49
1272872 1306365 19
1004928 1038421 48
1473830 1507323 52
1540816 1574309 25
2277662 2311155 42
335068 368561 30
1105407 1138900 13
1875746 1909239 58
2244169 2277662 30
1339858 1373351 1
1440337 1473830 7
736984 770477 57
1138900 1172393 26
636505 669998 43
1808760 1842253 45
1038421 1071914 25
1306365 1339858 23
1440337 1473830 35
402054 435547 50
1708281 1741774 39
1574309 1607802 9
536026 569519 45
1574309 1607802 55
669998 703491 20
134110 167603 32
402054 435547 39
1808760 1842253 46
435547 469040 31
1808760 1842253 43
1708281 1741774 1
1976225 2009718 10
2043211 2076704 15
1306365 1339858 4
1272872 1306365 22
1775267 1808760 53
536026 569519 30
1138900 1172393 14
1172393 1205886 60
1775267 1808760 40
1239379 1272872 52
1574309 1607802 38
1038421 1071914 17
1138900 1172393 27
1239379 1272872 57
770477 803970 43
1540816 1574309 16
368561 402054 43
1674788 1708281 19
1306365 1339858 54
1440337 1473830 20
1239379 1272872 29
2043211 2076704 41
502533 536026 46
536026 569519 49
234589 268082 14
301575 335068 30
1306365 1339858 29
1741774 1775267 25
1105407 1138900 9
368561 402054 23
100617 134110 13
402054 435547 21
1306365 1339858 27
536026 569519 17
1473830 1507323 36
502533 536026 57
268082 301575 8
402054 435547 44
669998 703491 25
1172393 1205886 51
1105407 1138900 22
1272872 1306365 7
1741774 1775267 40
1172393 1205886 17
1239379 1272872 33
502533 536026 45
2076704 2110197 18
1205886 1239379 58
1540816 1574309 26
1172393 1205886 41
1138900 1172393 2
435547 469040 41
1909239 1942732 7
1909239 1942732 59
603012 636505 6
1473830 1507323 22
569519 603012 15
2009718 2043211 53
603012 636505 16
1272872 1306365 39
1071914 1105407 15
100617 134110 55
1406844 1440337 53
368561 402054 5
335068 368561 29
1909239 1942732 43
368561 402054 9
1306365 1339858 48
502533 536026 13
569519 603012 6
335068 368561 17
1239379 1272872 18
1306365 1339858 15
335068 368561 21
703491 736984 56
268082 301575 41
1138900 1172393 38
569519 603012 25
1004928 1038421 23
1875746 1909239 40
167603 201096 48
1842253 1875746 48
569519 603012 57
1540816 1574309 18
2043211 2076704 31
2043211 2076704 9
469040 502533 35
1172393 1205886 28
1138900 1172393 34
1406844 1440337 31
1875746 1909239 53
770477 803970 45
937942 971435 58
335068 368561 3
2277662 2311155 55
2009718 2043211 9
1105407 1138900 10
569519 603012 2
502533 536026 17
1875746 1909239 51
1071914 1105407 48
603012 636505 4
2177183 2210676 12
603012 636505 38
569519 603012 41
1440337 1473830 40
1842253 1875746 31
1272872 1306365 33
67124 100617 45
2177183 2210676 57
1406844 1440337 50
1004928 1038421 23
803970 837463 20
1942732 1976225 58
335068 368561 46
469040 502533 48
1038421 1071914 54
1306365 1339858 55
2210676 2244169 43
1038421 1071914 5
1440337 1473830 12
301575 335068 42
1105407 1138900 33
536026 569519 60
937942 971435 32
1339858 1373351 39
1808760 1842253 8
904449 937942 58
301575 335068 22
1708281 1741774 17
1574309 1607802 20
1942732 1976225 35
536026 569519 1
1272872 1306365 26
435547 469040 45
268082 301575 53
2210676 2244169 46
1808760 1842253 27
138 33631 39
435547 469040 58
1473830 1507323 50
469040 502533 41
268082 301575 4
1138900 1172393 57
2277662 2311155 26
335068 368561 29
1205886 1239379 6
368561 402054 21
469040 502533 46
1406844 1440337 54
1105407 1138900 1
2244169 2277662 7
469040 502533 40
368561 402054 41
1272872 1306365 47
234589 268082 11
368561 402054 57
569519 603012 52
669998 703491 58
502533 536026 10
837463 870956 47
502533 536026 32
669998 703491 8
234589 268082 39
1741774 1775267 1
1574309 1607802 9
1808760 1842253 4
167603 201096 1
1540816 1574309 57
536026 569519 46
1473830 1507323 14
368561 402054 23
636505 669998 9
2143690 2177183 38
33631 67124 51
736984 770477 12
1473830 1507323 39
1105407 1138900 41
335068 368561 43
1574309 1607802 35
1406844 1440337 13
1172393 1205886 24
1205886 1239379 46
1306365 1339858 33
1272872 1306365 26
669998 703491 25
636505 669998 23
1406844 1440337 42
435547 469040 7
1574309 1607802 57
770477 803970 51
1339858 1373351 43
1272872 1306365 51
502533 536026 43
2177183 2210676 43
1306365 1339858 47
1440337 1473830 7
1507323 1540816 28
502533 536026 18
1339858 1373351 49
1540816 1574309 46
603012 636505 26
268082 301575 44
402054 435547 4
1574309 1607802 3
2143690 2177183 15
368561 402054 42
1574309 1607802 28
1138900 1172393 42
268082 301575 20
435547 469040 31
1540816 1574309 50
703491 736984 46
1205886 1239379 36
1038421 1071914 36
669998 703491 19
971435 1004928 6
703491 736984 28
1909239 1942732 21
1038421 1071914 5
603012 636505 40
536026 569519 6
603012 636505 42
1172393 1205886 45
402054 435547 21
1440337 1473830 39
368561 402054 36
1239379 1272872 11
1172393 1205886 23
402054 435547 43
569519 603012 53
536026 569519 50
1741774 1775267 50
1842253 1875746 53
1339858 1373351 23
1708281 1741774 17
1172393 1205886 6
1138900 1172393 5
1741774 1775267 42
368561 402054 59
669998 703491 11
1473830 1507323 4
703491 736984 1
1339858 1373351 60
2143690 2177183 6
569519 603012 11
2076704 2110197 29
569519 603012 57
536026 569519 41
1205886 1239379 36
1038421 1071914 18
669998 703491 52
435547 469040 39
1306365 1339858 15
1138900 1172393 20
1172393 1205886 38
1105407 1138900 13
2009718 2043211 39
502533 536026 27
870956 904449 56
1071914 1105407 46
1406844 1440337 51
335068 368561 51
569519 603012 42
368561 402054 16
904449 937942 25
435547 469040 45
1038421 1071914 51
402054 435547 12
636505 669998 10
1038421 1071914 16
1272872 1306365 27
1272872 1306365 2
636505 669998 36
1507323 1540816 45
402054 435547 11
1473830 1507323 23
1105407 1138900 23
2043211 2076704 20
2110197 2143690 52
1540816 1574309 10
1406844 1440337 20
435547 469040 37
368561 402054 40
1440337 1473830 32
1775267 1808760 13
2210676 2244169 32
603012 636505 40
1808760 1842253 47
268082 301575 15
669998 703491 28
1574309 1607802 21
368561 402054 43
469040 502533 54
201096 234589 12
1909239 1942732 31
1339858 1373351 48
1205886 1239379 26
569519 603012 37
536026 569519 49
536026 569519 1
1574309 1607802 20
2076704 2110197 41
669998 703491 31
1741774 1775267 16
1976225 2009718 16
1205886 1239379 16
134110 167603 30
1775267 1808760 31
1808760 1842253 34
1406844 1440337 46
803970 837463 51
502533 536026 21
569519 603012 33
669998 703491 30
301575 335068 60
1172393 1205886 27
1607802 1641295 27
1272872 1306365 57
1741774 1775267 50
1574309 1607802 44
502533 536026 36
502533 536026 16
335068 368561 58
1473830 1507323 10
1004928 1038421 22
1138900 1172393 38
1239379 1272872 48
2244169 2277662 22
435547 469040 46
569519 603012 47
335068 368561 15
234589 268082 39
1373351 1406844 10
469040 502533 4
502533 536026 27
301575 335068 20
502533 536026 45
469040 502533 9
803970 837463 21
502533 536026 13
435547 469040 58
770477 803970 37
1942732 1976225 6
502533 536026 2
268082 301575 57
1875746 1909239 25
67124 100617 45
1574309 1607802 1
1205886 1239379 53
1406844 1440337 10
435547 469040 52
803970 837463 3
134110 167603 40
569519 603012 46
736984 770477 43
1708281 1741774 23
2177183 2210676 59
1540816 1574309 39
368561 402054 54
636505 669998 18
1105407 1138900 15
1909239 1942732 12
569519 603012 53
1172393 1205886 8
1708281 1741774 24
1004928 1038421 26
1842253 1875746 23
469040 502533 38
368561 402054 34
402054 435547 52
1842253 1875746 40
1172393 1205886 34
469040 502533 47
1875746 1909239 3
469040 502533 34
1004928 1038421 30
301575 335068 6
1339858 1373351 19
1741774 1775267 21
2210676 2244169 49
1708281 1741774 47
435547 469040 4
1339858 1373351 19
569519 603012 12
1306365 1339858 1
469040 502533 6
402054 435547 41
569519 603012 50
1406844 1440337 39
1406844 1440337 30
1540816 1574309 27
1741774 1775267 5
603012 636505 60
1339858 1373351 31
402054 435547 28
301575 335068 31
1775267 1808760 31
1741774 1775267 33
669998 703491 24
1071914 1105407 14
1205886 1239379 31
1440337 1473830 5
502533 536026 4
1607802 1641295 36
1339858 1373351 51
2110197 2143690 27
335068 368561 10
1205886 1239379 24
1205886 1239379 55
1239379 1272872 27
1574309 1607802 18
2110197 2143690 27
301575 335068 14
2110197 2143690 41
402054 435547 10
1339858 1373351 8
100617 134110 38
636505 669998 29
536026 569519 2
1038421 1071914 60
1976225 2009718 60
569519 603012 35
1574309 1607802 5
803970 837463 2
1105407 1138900 25
1406844 1440337 44
1138900 1172393 43
636505 669998 36
1205886 1239379 5
234589 268082 11
502533 536026 33
1105407 1138900 49
1339858 1373351 4
569519 603012 45
1741774 1775267 12
1373351 1406844 21
803970 837463 56
2210676 2244169 30
1574309 1607802 46
502533 536026 28
2110197 2143690 33
1105407 1138900 5
1306365 1339858 15
1004928 1038421 43
703491 736984 53
1272872 1306365 36
603012 636505 29
1205886 1239379 17
301575 335068 16
435547 469040 10
1373351 1406844 24
1808760 1842253 24
469040 502533 45
736984 770477 47
569519 603012 51
803970 837463 25
368561 402054 11
2143690 2177183 39
502533 536026 18
1172393 1205886 24
1172393 1205886 32
435547 469040 51
502533 536026 30
569519 603012 49
435547 469040 46
1004928 1038421 7
1909239 1942732 60
837463 870956 36
636505 669998 21
1038421 1071914 50
536026 569519 22
2143690 2177183 54
1775267 1808760 30
770477 803970 30
1138900 1172393 32
1540816 1574309 22
1741774 1775267 16
1172393 1205886 21
1875746 1909239 60
1272872 1306365 53
2110197 2143690 38
569519 603012 36
1942732 1976225 31
368561 402054 14
469040 502533 58
736984 770477 8
1272872 1306365 45
502533 536026 59
736984 770477 12
1339858 1373351 21
2177183 2210676 53
669998 703491 34
904449 937942 60
2043211 2076704 45
770477 803970 59
569519 603012 25
268082 301575 47
1105407 1138900 19
1172393 1205886 57
435547 469040 42
1909239 1942732 35
1607802 1641295 9
636505 669998 6
1440337 1473830 15
1272872 1306365 48
536026 569519 12
1473830 1507323 26
1205886 1239379 47
502533 536026 59
1741774 1775267 28
2210676 2244169 8
1339858 1373351 47
636505 669998 19
234589 268082 42
1775267 1808760 41
1875746 1909239 27
1272872 1306365 43
469040 502533 4
435547 469040 8
669998 703491 43
1708281 1741774 22
469040 502533 48
1172393 1205886 13
435547 469040 42
1406844 1440337 31
234589 268082 38
569519 603012 1
1909239 1942732 46
870956 904449 42
1540816 1574309 57
1306365 1339858 17
770477 803970 9
368561 402054 52
2177183 2210676 6
502533 536026 11
1708281 1741774 58
2210676 2244169 54
1239379 1272872 9
569519 603012 51
2177183 2210676 30
435547 469040 3
1239379 1272872 54
1775267 1808760 47
1138900 1172393 52
1138900 1172393 34
736984 770477 29
1239379 1272872 8
569519 603012 21
1138900 1172393 25
1272872 1306365 47
636505 669998 31
2210676 2244169 33
1708281 1741774 41
335068 368561 6
603012 636505 17
1473830 1507323 56
1205886 1239379 7
1373351 1406844 21
536026 569519 19
1339858 1373351 37
201096 234589 52
1339858 1373351 6
268082 301575 10
569519 603012 15
201096 234589 22
803970 837463 2
435547 469040 24
1540816 1574309 51
1172393 1205886 29
402054 435547 28
435547 469040 29
67124 100617 20
636505 669998 51
435547 469040 14
1272872 1306365 39
301575 335068 3
536026 569519 32
1373351 1406844 15
1205886 1239379 35
1540816 1574309 30
1473830 1507323 3
603012 636505 23
2110197 2143690 46
1138900 1172393 53
1842253 1875746 27
1574309 1607802 43
1741774 1775267 57
569519 603012 1
1373351 1406844 39
1071914 1105407 30
870956 904449 9
502533 536026 23
1339858 1373351 14
1473830 1507323 57
1440337 1473830 59
1205886 1239379 27
469040 502533 24
402054 435547 27
1808760 1842253 49
1440337 1473830 42
502533 536026 59
1574309 1607802 42
1239379 1272872 60
1473830 1507323 27
435547 469040 23
669998 703491 12
1842253 1875746 12
1138900 1172393 8
1741774 1775267 39
167603 201096 7
1540816 1574309 43
669998 703491 50
1138900 1172393 45
1339858 1373351 6
2143690 2177183 9
1339858 1373351 28
469040 502533 58
502533 536026 41
569519 603012 37
1440337 1473830 11
603012 636505 51
1138900 1172393 57
1507323 1540816 39
134110 167603 19
1842253 1875746 57
1272872 1306365 14
368561 402054 13
1038421 1071914 30
536026 569519 26
335068 368561 3
1339858 1373351 47
402054 435547 24
1842253 1875746 46
669998 703491 33
368561 402054 54
636505 669998 17
1507323 1540816 8
1272872 1306365 17
2009718 2043211 4
1540816 1574309 51
1507323 1540816 54
1138900 1172393 37
402054 435547 2
669998 703491 23
1741774 1775267 56
1239379 1272872 51
569519 603012 21
2143690 2177183 56
2143690 2177183 33
335068 368561 30
1607802 1641295 26
335068 368561 16
469040 502533 28
502533 536026 51
1239379 1272872 10
636505 669998 58
1306365 1339858 36
803970 837463 1
1473830 1507323 23
1138900 1172393 26
134110 167603 33
201096 234589 5
636505 669998 60
469040 502533 32
1306365 1339858 25
2043211 2076704 19
904449 937942 13
1105407 1138900 33
1306365 1339858 8
1440337 1473830 15
971435 1004928 1
1909239 1942732 56
1105407 1138900 1
1507323 1540816 42
1172393 1205886 46
770477 803970 59
803970 837463 6
368561 402054 2
1540816 1574309 37
1172393 1205886 27
1339858 1373351 8
201096 234589 53
669998 703491 35
1808760 1842253 40
335068 368561 49
1239379 1272872 42
1708281 1741774 49
1808760 1842253 10
1775267 1808760 56
502533 536026 35
1741774 1775267 44
1205886 1239379 57
1339858 1373351 60
1406844 1440337 14
1808760 1842253 26
1607802 1641295 2
1373351 1406844 17
536026 569519 15
234589 268082 60
469040 502533 40
770477 803970 45
502533 536026 24
2110197 2143690 34
368561 402054 56
1373351 1406844 60
736984 770477 28
636505 669998 18
469040 502533 45
301575 335068 37
636505 669998 24
736984 770477 17
1105407 1138900 21
1574309 1607802 47
1875746 1909239 30
1172393 1205886 20
736984 770477 9
1406844 1440337 22
803970 837463 9
502533 536026 12
1875746 1909239 29
1808760 1842253 47
469040 502533 14
1674788 1708281 55
1708281 1741774 42
2244169 2277662 35
1540816 1574309 8
1105407 1138900 1
1172393 1205886 51
1574309 1607802 40
1306365 1339858 18
201096 234589 15
703491 736984 48
1440337 1473830 10
1373351 1406844 47
2110197 2143690 3
1138900 1172393 10
1272872 1306365 36
1138900 1172393 57
1440337 1473830 34
402054 435547 21
2244169 2277662 17
1038421 1071914 59
1239379 1272872 53
469040 502533 48
2177183 2210676 11
770477 803970 10
368561 402054 45
1105407 1138900 1
234589 268082 19
536026 569519 9
536026 569519 44
1071914 1105407 54
335068 368561 27
1205886 1239379 17
536026 569519 13
1339858 1373351 22
1205886 1239379 10
536026 569519 57
1473830 1507323 19
435547 469040 33
2143690 2177183 48
1172393 1205886 38
2277662 2311155 3
402054 435547 59
1339858 1373351 36
1339858 1373351 25
1607802 1641295 5
1440337 1473830 46
770477 803970 60
1406844 1440337 44
536026 569519 47
904449 937942 20
1942732 1976225 36
1138900 1172393 1
301575 335068 14
1406844 1440337 6
435547 469040 55
1741774 1775267 12
1507323 1540816 7
971435 1004928 31
167603 201096 28
335068 368561 39
1205886 1239379 39
603012 636505 22
1205886 1239379 11
368561 402054 9
402054 435547 32
502533 536026 51
138 33631 30
402054 435547 4
703491 736984 54
1105407 1138900 26
536026 569519 48
1038421 1071914 9
1708281 1741774 6
636505 669998 45
1440337 1473830 21
1741774 1775267 13
636505 669998 59
268082 301575 5
