1000
1053518 1075447 8311112
1842962 1864891 556936
1755246 1777175 6996937
1996465 2018394 1443921
3684998 3706927 7635249
1689459 1711388 7256113
1163163 1185092 7715467
1996465 2018394 857355
965802 987731 4065687
636867 658796 2733485
44784 66713 9272142
1338595 1360524 6599034
3049057 3070986 7975460
812299 834228 1024200
1382453 1404382 8935564
2742051 2763980 2781707
1755246 1777175 8245825
3465708 3487637 4361010
1733317 1755246 6030914
3268347 3290276 958801
3246418 3268347 7679133
593009 614938 6378367
3509566 3531495 8180080
2128039 2149968 4645121
1185092 1207021 743852
3575353 3597282 4286247
307932 329861 4184860
1075447 1097376 4136566
2106110 2128039 9123237
2106110 2128039 1908230
965802 987731 4049871
3027128 3049057 3024813
1996465 2018394 8133251
1864891 1886820 876893
461435 483364 4551062
2676264 2698193 7055818
3706927 3728856 9143686
1338595 1360524 6107599
3575353 3597282 3500546
1360524 1382453 5108498
3575353 3597282 6313775
1842962 1864891 4388325
264074 286003 9887529
1799104 1821033 47599
1163163 1185092 4717127
1141234 1163163 3535755
1382453 1404382 3456802
1360524 1382453 5051375
943873 965802 2493912
3597282 3619211 6854289
1601743 1623672 5154317
2106110 2128039 7838405
3027128 3049057 8008754
812299 834228 8147626
921944 943873 6637577
329861 351790 511431
790370 812299 2205288
1864891 1886820 455792
1448240 1470169 6962108
2106110 2128039 4227310
965802 987731 5606224
1097376 1119305 6829278
2193826 2215755 3999311
2106110 2128039 4848729
3553424 3575353 7120391
505293 527222 9465941
1426311 1448240 6328047
3816572 3838501 9143882
3663069 3684998 8015851
1821033 1842962 5157016
1228950 1250879 3312461
3290276 3312205 5250215
2763980 2785909 4108959
1821033 1842962 129999
2983270 3005199 182943
3136773 3158702 4073594
571080 593009 7874698
2413116 2435045 4869256
3728856 3750785 9356573
1272808 1294737 8713714
1974536 1996465 9893848
1579814 1601743 1780145
1952607 1974536 163333
3158702 3180631 508384
2720122 2742051 7714424
3706927 3728856 36768
1404382 1426311 7797143
1755246 1777175 414651
3290276 3312205 8441884
2742051 2763980 5972875
1842962 1864891 9069465
3465708 3487637 3896860
1821033 1842962 7297468
3575353 3597282 7053200
3553424 3575353 1218516
1755246 1777175 490051
3575353 3597282 1022611
1711388 1733317 7245230
3838501 3860430 2852501
1141234 1163163 8291216
1799104 1821033 1004064
3049057 3070986 3894858
900015 921944 644397
1207021 1228950 3375626
3049057 3070986 7520807
856157 878086 7663148
926 22855 718834
3575353 3597282 7757148
3334134 3356063 4872622
3487637 3509566 5257087
2128039 2149968 88380
878086 900015 3906643
1075447 1097376 2331264
1755246 1777175 3232468
1821033 1842962 2433896
987731 1009660 423521
812299 834228 6794029
132500 154429 9807775
1119305 1141234 2968025
1799104 1821033 4575261
3465708 3487637 9820424
1799104 1821033 1487801
878086 900015 2793202
856157 878086 7113537
1316666 1338595 8626344
3794643 3816572 6961628
1360524 1382453 8926877
2654335 2676264 2709035
1009660 1031589 1452903
3948146 3970075 8997163
1821033 1842962 212935
3443779 3465708 8447196
834228 856157 1383270
3553424 3575353 4941351
3597282 3619211 1827041
1842962 1864891 8941180
1250879 1272808 4933895
1952607 1974536 8518458
3487637 3509566 6857825
3597282 3619211 3255508
1185092 1207021 6177010
1930678 1952607 8547504
3663069 3684998 1256127
3465708 3487637 1197522
1360524 1382453 2351249
3860430 3882359 4914489
1404382 1426311 4271608
1338595 1360524 482313
3575353 3597282 9509395
593009 614938 327529
3553424 3575353 1781647
395648 417577 8447790
1338595 1360524 3940844
2106110 2128039 1886009
2676264 2698193 346631
1799104 1821033 3957916
1470169 1492098 7964628
3641140 3663069 7061763
1733317 1755246 4477930
2961341 2983270 2995409
3728856 3750785 2826692
549151 571080 8959369
3290276 3312205 2396997
1821033 1842962 7778287
3005199 3027128 9341948
3663069 3684998 3131630
3575353 3597282 9921193
2983270 3005199 9890364
1294737 1316666 7268352
1579814 1601743 8211771
3443779 3465708 2713132
3421850 3443779 8932514
3443779 3465708 2005398
921944 943873 8601180
1755246 1777175 512742
2215755 2237684 7454000
1272808 1294737 3450313
834228 856157 9106081
2742051 2763980 9496565
3553424 3575353 6988310
3421850 3443779 5177705
1755246 1777175 6131902
2720122 2742051 6424057
2171897 2193826 4623277
2500832 2522761 901897
1207021 1228950 7300810
3531495 3553424 7392408
3860430 3882359 5306477
3597282 3619211 4096896
1623672 1645601 1222340
3334134 3356063 6867707
1272808 1294737 4030838
2018394 2040323 6938089
1163163 1185092 7163785
3575353 3597282 7510479
1338595 1360524 4098440
3049057 3070986 4846242
1294737 1316666 9750239
1777175 1799104 9964998
878086 900015 6759690
1755246 1777175 2819409
1119305 1141234 595054
1821033 1842962 2598163
3399921 3421850 7686662
1864891 1886820 5010522
3027128 3049057 2287426
2544690 2566619 6949745
3838501 3860430 6112427
3553424 3575353 9889642
527222 549151 2929354
1404382 1426311 8591645
3926217 3948146 6186314
3509566 3531495 8771440
1250879 1272808 7420892
3224489 3246418 3465303
2698193 2720122 4358234
1799104 1821033 4470686
2456974 2478903 3345967
3487637 3509566 5653862
307932 329861 7172085
3772714 3794643 1869036
943873 965802 6714591
1272808 1294737 7416849
1382453 1404382 6095832
921944 943873 6886806
943873 965802 995180
1864891 1886820 5049510
3575353 3597282 9563879
1294737 1316666 3799193
1338595 1360524 6870843
1031589 1053518 7929590
3597282 3619211 9640870
1777175 1799104 6228154
1316666 1338595 6579348
2435045 2456974 3594711
549151 571080 9471041
1031589 1053518 2501503
3728856 3750785 9920930
3465708 3487637 7656225
1272808 1294737 367877
3509566 3531495 1858611
2939412 2961341 2645366
1294737 1316666 3649842
1075447 1097376 4964837
2435045 2456974 918246
3377992 3399921 989957
3487637 3509566 4439402
921944 943873 287606
3487637 3509566 7700971
1053518 1075447 1897125
3487637 3509566 8135087
1163163 1185092 9362419
812299 834228 8945881
1777175 1799104 1100308
3553424 3575353 875499
1075447 1097376 5683513
1470169 1492098 1427851
878086 900015 920689
3487637 3509566 935561
1338595 1360524 339916
3728856 3750785 5071136
1777175 1799104 9771585
2128039 2149968 4011643
3421850 3443779 2251729
329861 351790 3991291
1185092 1207021 4319467
921944 943873 2070327
1053518 1075447 1127698
1601743 1623672 8901059
2171897 2193826 4927804
834228 856157 891701
3706927 3728856 1160829
1075447 1097376 1187173
3772714 3794643 8595429
1908749 1930678 4192755
2742051 2763980 2908453
3312205 3334134 8717965
2500832 2522761 5343736
3268347 3290276 620913
1821033 1842962 1475391
3070986 3092915 8974257
1141234 1163163 5953262
1360524 1382453 104629
2215755 2237684 1704999
2149968 2171897 653958
3005199 3027128 1467043
1316666 1338595 6841033
2829767 2851696 787929
3553424 3575353 7779848
1864891 1886820 1307992
3684998 3706927 1065016
3070986 3092915 7764600
3706927 3728856 6180215
3684998 3706927 8640433
987731 1009660 4253716
1294737 1316666 3316810
1404382 1426311 2500052
965802 987731 2481461
1185092 1207021 1566451
1141234 1163163 7083705
3553424 3575353 7427305
1097376 1119305 8121553
1294737 1316666 2810989
3114844 3136773 6261588
1207021 1228950 5320638
3970075 3992004 9981269
3684998 3706927 6989472
1316666 1338595 8324940
3049057 3070986 1767716
1294737 1316666 5793653
3421850 3443779 4345261
1141234 1163163 6223351
3312205 3334134 7013294
3575353 3597282 7013065
3684998 3706927 462136
1952607 1974536 1909329
2939412 2961341 8058675
1294737 1316666 7537613
1294737 1316666 6112747
1053518 1075447 5739254
3465708 3487637 1808462
3575353 3597282 3399138
1799104 1821033 5865459
571080 593009 2504105
1228950 1250879 1955166
2018394 2040323 9544907
3663069 3684998 8315906
1075447 1097376 6290001
1952607 1974536 4547206
1163163 1185092 5242929
3202560 3224489 9472204
1316666 1338595 495606
3882359 3904288 3861038
132500 154429 2180000
2478903 2500832 657930
790370 812299 8614344
3597282 3619211 9379584
2084181 2106110 163720
943873 965802 2036218
3619211 3641140 3688473
2281542 2303471 6187756
2413116 2435045 4634684
1272808 1294737 9231324
3465708 3487637 8244958
3049057 3070986 2812836
2128039 2149968 2883574
921944 943873 7019126
965802 987731 5892785
1821033 1842962 6907937
1031589 1053518 5454545
2500832 2522761 1957906
1799104 1821033 5938514
1360524 1382453 734236
1207021 1228950 8697678
3904288 3926217 8590715
1601743 1623672 5111585
2763980 2785909 4321430
2347329 2369258 635472
680725 702654 3922051
1163163 1185092 5531814
1097376 1119305 6947920
3663069 3684998 1903264
2654335 2676264 428672
3027128 3049057 8947850
3443779 3465708 7426515
1097376 1119305 2077289
1250879 1272808 4693579
3619211 3641140 5068955
1360524 1382453 9207530
1842962 1864891 6501180
1974536 1996465 2601791
3224489 3246418 9364172
3597282 3619211 1382179
1908749 1930678 1885198
1075447 1097376 1919808
3750785 3772714 8668338
1185092 1207021 4562130
1053518 1075447 5927734
1733317 1755246 8283697
965802 987731 6509192
571080 593009 5356686
3465708 3487637 4990447
1886820 1908749 6496764
3641140 3663069 2344876
2106110 2128039 3542578
1141234 1163163 7962972
439506 461435 5514639
1842962 1864891 913440
373719 395648 798045
3597282 3619211 5251967
3597282 3619211 6908377
3728856 3750785 651402
1316666 1338595 6759539
1777175 1799104 9863872
1009660 1031589 1048017
417577 439506 4408500
483364 505293 9430297
2654335 2676264 8885868
965802 987731 1737839
2391187 2413116 9339660
1316666 1338595 3330364
2742051 2763980 267700
724583 746512 144561
1185092 1207021 1741605
3597282 3619211 5188107
1207021 1228950 4793514
2237684 2259613 658712
88642 110571 1736245
1733317 1755246 8774649
2018394 2040323 1860807
1338595 1360524 3612840
636867 658796 4161941
1119305 1141234 9575612
3049057 3070986 4264296
3553424 3575353 971372
3377992 3399921 6824644
3509566 3531495 2829905
1842962 1864891 5206860
2413116 2435045 4392047
1821033 1842962 5570532
943873 965802 3935861
1316666 1338595 887448
1053518 1075447 728004
1404382 1426311 2466747
3443779 3465708 9250349
1908749 1930678 520531
1886820 1908749 5272446
1799104 1821033 5214516
1557885 1579814 3985599
1031589 1053518 4888554
3575353 3597282 6165817
1930678 1952607 1215580
3005199 3027128 6487479
702654 724583 1489069
1228950 1250879 5163664
1272808 1294737 7311973
2084181 2106110 9316835
790370 812299 4084432
1075447 1097376 8038948
2698193 2720122 3086374
3465708 3487637 5880792
351790 373719 5917163
921944 943873 4322204
1075447 1097376 9890328
3619211 3641140 4296811
3553424 3575353 7052283
1360524 1382453 8800415
176358 198287 1112923
3684998 3706927 1425592
3575353 3597282 5120991
3619211 3641140 8234843
2566619 2588548 8523567
1075447 1097376 5970462
3575353 3597282 3357275
3290276 3312205 4101250
3487637 3509566 3745404
2478903 2500832 3836864
3246418 3268347 2470168
834228 856157 8544456
3641140 3663069 5095626
2698193 2720122 2606214
2763980 2785909 7602338
1360524 1382453 3872230
1514027 1535956 4904777
1097376 1119305 6785050
3443779 3465708 3667049
1799104 1821033 2272410
1272808 1294737 2630219
3443779 3465708 9444716
3728856 3750785 7445312
1053518 1075447 5156645
3531495 3553424 9939909
1360524 1382453 6616878
1338595 1360524 3092321
3772714 3794643 5153227
3728856 3750785 5891666
2084181 2106110 9611225
987731 1009660 7333480
1711388 1733317 4850775
483364 505293 2655535
2895554 2917483 7895335
3027128 3049057 8831955
3443779 3465708 4452628
921944 943873 765888
2763980 2785909 2482582
965802 987731 1330313
1031589 1053518 3306197
3619211 3641140 4111498
2369258 2391187 7564011
3597282 3619211 1121103
3531495 3553424 7593710
1185092 1207021 797111
1382453 1404382 8975788
1623672 1645601 149716
3399921 3421850 2971064
3421850 3443779 6546965
1316666 1338595 8612901
2654335 2676264 9295143
1163163 1185092 444689
834228 856157 6110487
1228950 1250879 1263845
3706927 3728856 7470395
1557885 1579814 3669082
2720122 2742051 8197842
1360524 1382453 1718718
987731 1009660 4975210
3575353 3597282 4969591
812299 834228 9660801
3224489 3246418 7025736
2149968 2171897 6126703
307932 329861 3817042
2939412 2961341 2830338
1163163 1185092 4412510
1930678 1952607 336106
3663069 3684998 4906201
3356063 3377992 7613911
3597282 3619211 2058143
1207021 1228950 8870368
1492098 1514027 3546876
2106110 2128039 5275046
1294737 1316666 685038
1053518 1075447 8434105
110571 132500 697903
1864891 1886820 6367674
3399921 3421850 8730867
3553424 3575353 5378240
1777175 1799104 4243054
1535956 1557885 4643071
3421850 3443779 4930968
3531495 3553424 9061927
1952607 1974536 3665204
1821033 1842962 8733321
3575353 3597282 790029
812299 834228 3958144
1777175 1799104 4132739
3553424 3575353 9355278
3553424 3575353 3952837
1601743 1623672 3264453
3728856 3750785 2320479
1185092 1207021 7907815
1316666 1338595 4814967
1864891 1886820 6711120
1842962 1864891 4238546
1842962 1864891 4225300
1777175 1799104 1974301
3290276 3312205 7065572
66713 88642 3798762
878086 900015 6325
3663069 3684998 623608
1755246 1777175 5861794
3005199 3027128 5923895
3443779 3465708 2543377
3750785 3772714 9476234
1075447 1097376 6703637
856157 878086 860494
307932 329861 9780243
856157 878086 4834970
1886820 1908749 5813799
768441 790370 324296
1886820 1908749 7084488
3553424 3575353 5440692
1009660 1031589 2756905
1821033 1842962 5911875
3882359 3904288 1544034
1492098 1514027 9556519
3663069 3684998 6601039
3619211 3641140 9369312
3575353 3597282 6992952
1272808 1294737 2933765
3027128 3049057 6892594
878086 900015 6494403
1053518 1075447 7306692
571080 593009 682790
1207021 1228950 5624652
3663069 3684998 1549463
3531495 3553424 6783779
3641140 3663069 1794725
2106110 2128039 2152063
1755246 1777175 1965831
1908749 1930678 9103129
943873 965802 4879841
1821033 1842962 1225871
1842962 1864891 4570950
3641140 3663069 3506698
1294737 1316666 8411774
1031589 1053518 2656675
921944 943873 7713416
3443779 3465708 7194242
1075447 1097376 6761570
1141234 1163163 2782536
3421850 3443779 702983
1601743 1623672 5169710
2106110 2128039 3551544
1053518 1075447 3023086
1514027 1535956 6943999
3509566 3531495 5619553
3180631 3202560 750960
2720122 2742051 3247465
527222 549151 8249777
1601743 1623672 3530384
3290276 3312205 6681277
1294737 1316666 6590833
3531495 3553424 9173092
1777175 1799104 2574550
2588548 2610477 5612565
1908749 1930678 8624930
3728856 3750785 3032415
614938 636867 1682289
3005199 3027128 7895861
2500832 2522761 4131197
1228950 1250879 6777073
1733317 1755246 1489475
1053518 1075447 7120923
1119305 1141234 7769573
768441 790370 2955242
3619211 3641140 5257170
3312205 3334134 1476874
1009660 1031589 7772963
614938 636867 5435551
3027128 3049057 1143368
965802 987731 734985
3641140 3663069 1618659
1777175 1799104 7451753
1097376 1119305 6985843
3619211 3641140 255332
3553424 3575353 6550069
1163163 1185092 6735782
1294737 1316666 9727942
2961341 2983270 3477290
3399921 3421850 1911820
1886820 1908749 7236535
768441 790370 1588951
1141234 1163163 6276525
549151 571080 1730754
1842962 1864891 9198465
1711388 1733317 1195103
3531495 3553424 7516421
2961341 2983270 6876818
549151 571080 772844
3421850 3443779 7636925
3597282 3619211 2092685
1272808 1294737 4909213
1294737 1316666 5055463
680725 702654 9552499
1316666 1338595 4445797
1799104 1821033 9437414
3553424 3575353 2001762
1535956 1557885 7754535
242145 264074 9984878
3377992 3399921 1386582
1294737 1316666 7728722
3926217 3948146 3613860
3684998 3706927 9266001
1250879 1272808 5401016
2259613 2281542 9227184
1119305 1141234 1324758
1952607 1974536 4941432
1821033 1842962 2511422
1842962 1864891 1743226
3860430 3882359 5554514
965802 987731 4927380
2369258 2391187 9716090
1755246 1777175 4907825
3860430 3882359 5681995
1360524 1382453 8407061
1601743 1623672 4153446
1755246 1777175 191066
1316666 1338595 9643678
3487637 3509566 5181237
2456974 2478903 2308573
2785909 2807838 5741437
3706927 3728856 3144007
3575353 3597282 6675310
2062252 2084181 8983839
22855 44784 7780521
3465708 3487637 781290
2149968 2171897 3406463
3553424 3575353 2507729
1886820 1908749 4957550
571080 593009 1846219
1974536 1996465 4495211
2084181 2106110 915195
3641140 3663069 3755873
1842962 1864891 8655446
1711388 1733317 1936889
1908749 1930678 1349640
3575353 3597282 2835868
1185092 1207021 968856
987731 1009660 5427125
351790 373719 3974857
2632406 2654335 4596923
3772714 3794643 9719107
900015 921944 4663790
1733317 1755246 8613107
1316666 1338595 9389536
505293 527222 4439598
3619211 3641140 4193974
1755246 1777175 5359132
2062252 2084181 9034927
1579814 1601743 4544467
1097376 1119305 416357
307932 329861 3829698
2456974 2478903 5629523
943873 965802 4297552
1842962 1864891 9877270
549151 571080 1707716
2676264 2698193 4518519
3487637 3509566 3977446
1338595 1360524 3194409
1338595 1360524 3136487
22855 44784 6699982
768441 790370 6799229
2413116 2435045 6156863
2413116 2435045 5505746
3531495 3553424 1092236
1886820 1908749 6769694
1777175 1799104 8528833
1821033 1842962 3116690
2763980 2785909 1530987
351790 373719 778231
3399921 3421850 3251930
3465708 3487637 2047255
1163163 1185092 464679
3575353 3597282 9929307
1207021 1228950 4458488
1294737 1316666 5965237
2193826 2215755 6859138
329861 351790 6021312
3443779 3465708 6865359
1338595 1360524 5787044
3465708 3487637 4619329
3663069 3684998 5504703
1514027 1535956 4206422
3575353 3597282 7750145
3465708 3487637 5587116
1579814 1601743 6350231
3487637 3509566 2532551
1755246 1777175 8277963
1141234 1163163 6554002
2785909 2807838 8529449
3553424 3575353 5618211
702654 724583 1369958
1075447 1097376 3084867
3027128 3049057 2934909
3421850 3443779 5039276
943873 965802 939035
1755246 1777175 1315604
3663069 3684998 6981565
1799104 1821033 5766762
1777175 1799104 1993878
1228950 1250879 870751
3553424 3575353 7122997
2084181 2106110 2850983
1886820 1908749 815975
965802 987731 4915712
1250879 1272808 6327513
3728856 3750785 6323827
2478903 2500832 9018242
943873 965802 4362841
1777175 1799104 6300735
1031589 1053518 5837984
987731 1009660 6302143
1579814 1601743 6414671
1053518 1075447 7138336
2807838 2829767 2516294
1294737 1316666 4159322
856157 878086 4944458
1053518 1075447 6729436
3443779 3465708 4984769
307932 329861 6871156
3092915 3114844 1607225
1886820 1908749 4266227
1075447 1097376 3857326
1821033 1842962 1157008
3575353 3597282 420620
1382453 1404382 606476
1316666 1338595 221682
1207021 1228950 3310487
3443779 3465708 5421240
2478903 2500832 1066610
1294737 1316666 864819
3509566 3531495 1284180
1821033 1842962 8521271
3684998 3706927 332945
3575353 3597282 9056220
1316666 1338595 2159353
3399921 3421850 2882565
1250879 1272808 7417598
658796 680725 205086
1272808 1294737 5636377
3509566 3531495 8475940
3465708 3487637 4756973
3728856 3750785 8622442
1294737 1316666 8079787
1360524 1382453 2226457
3597282 3619211 1464
3575353 3597282 2025847
1294737 1316666 2730637
2369258 2391187 6826732
3049057 3070986 6950879
1097376 1119305 2943170
3684998 3706927 8438655
1316666 1338595 7706028
1886820 1908749 2695682
3334134 3356063 7764361
3027128 3049057 3112356
1821033 1842962 5164265
3487637 3509566 6929897
3684998 3706927 9252047
834228 856157 9063173
1864891 1886820 6686776
3049057 3070986 5456637
1799104 1821033 1797596
1535956 1557885 395789
220216 242145 84659
1799104 1821033 9454540
3246418 3268347 9221690
1075447 1097376 6844045
2763980 2785909 495350
2676264 2698193 7376520
2917483 2939412 5855417
943873 965802 9773498
3531495 3553424 2482467
790370 812299 5611145
2478903 2500832 6219627
110571 132500 3739818
1338595 1360524 7763679
1075447 1097376 9290567
3027128 3049057 2856873
1294737 1316666 2944475
812299 834228 7404755
1207021 1228950 9856864
1119305 1141234 8688908
1207021 1228950 4068524
3860430 3882359 2639275
3092915 3114844 5669528
3575353 3597282 1691764
1185092 1207021 4498530
3619211 3641140 7244314
1755246 1777175 4609748
1163163 1185092 7944453
3838501 3860430 8250533
3597282 3619211 7537493
614938 636867 1436190
2391187 2413116 7379877
2610477 2632406 9949440
3684998 3706927 7138707
3750785 3772714 9758884
1250879 1272808 1138048
3597282 3619211 7511652
1338595 1360524 7700884
3641140 3663069 6338745
3005199 3027128 3253764
3684998 3706927 1024165
943873 965802 738455
593009 614938 317523
549151 571080 4416357
3575353 3597282 7271036
1272808 1294737 3904610
3027128 3049057 9621899
790370 812299 7002906
1733317 1755246 1016067
3114844 3136773 8718525
2435045 2456974 1892000
2478903 2500832 3596126
3312205 3334134 9591740
3575353 3597282 2326775
3575353 3597282 2390132
1097376 1119305 4469424
2500832 2522761 2467851
790370 812299 940768
1360524 1382453 3597581
1053518 1075447 9349843
900015 921944 5501239
1996465 2018394 6633421
110571 132500 826774
3027128 3049057 1965775
351790 373719 1257709
965802 987731 52376
1952607 1974536 1664987
286003 307932 991598
1228950 1250879 5413565
1579814 1601743 2373917
1645601 1667530 2896977
3684998 3706927 8006208
856157 878086 6049819
2873625 2895554 5564350
2829767 2851696 9057419
1031589 1053518 3091223
3575353 3597282 5573855
2983270 3005199 763232
1974536 1996465 4399942
3706927 3728856 7398924
1097376 1119305 5055429
1228950 1250879 3117036
1842962 1864891 371806
3663069 3684998 8023416
965802 987731 3805806
1207021 1228950 5648591
3575353 3597282 1793238
3684998 3706927 8223868
1272808 1294737 8402142
1316666 1338595 2696570
3465708 3487637 6204629
3531495 3553424 8696058
3531495 3553424 7125884
1711388 1733317 6923362
1272808 1294737 1820836
3597282 3619211 4788121
2171897 2193826 822804
22855 44784 4710657
3421850 3443779 4086193
3465708 3487637 5192900
1228950 1250879 3881048
3706927 3728856 1551315
3531495 3553424 3459470
3575353 3597282 1088940
746512 768441 1787099
2698193 2720122 1447131
965802 987731 6747250
2413116 2435045 4306114
965802 987731 7326869
1075447 1097376 1040923
3992004 4013933 118071
1338595 1360524 5872446
2742051 2763980 5839202
2325400 2347329 1341087
1908749 1930678 1073626
307932 329861 4505115
2851696 2873625 7443459
2303471 2325400 7177459
3553424 3575353 229759
3509566 3531495 3489048
1667530 1689459 2600347
2785909 2807838 6999976
3443779 3465708 7062379
3772714 3794643 2958648
3443779 3465708 2625970
1821033 1842962 6580692
1075447 1097376 4705800
1250879 1272808 879043
1294737 1316666 5458102
3575353 3597282 6065678
1163163 1185092 3061476
3049057 3070986 4613187
1272808 1294737 4385142
2215755 2237684 807286
3465708 3487637 6322482
3114844 3136773 5886728
1842962 1864891 8254245
1207021 1228950 7574955
900015 921944 5982791
2084181 2106110 5778340
527222 549151 1073245
1864891 1886820 3544019
2018394 2040323 1303838
3531495 3553424 7855472
636867 658796 8126617
2149968 2171897 2217623
1711388 1733317 5157333
1799104 1821033 7234181
3027128 3049057 6650809
2128039 2149968 3579811
2720122 2742051 4841006
2281542 2303471 2574788
1250879 1272808 1308546
878086 900015 4221611
834228 856157 3872783
1294737 1316666 5448271
3049057 3070986 2349468
3663069 3684998 1989601
154429 176358 7466754
768441 790370 9603597
2040323 2062252 5601938
1097376 1119305 4639744
3619211 3641140 1192502
856157 878086 453162
2522761 2544690 6158037
1601743 1623672 354372
2698193 2720122 483452
1053518 1075447 7004052
812299 834228 1275962
1075447 1097376 6140143
746512 768441 6765130
878086 900015 3586815
1097376 1119305 2641655
1799104 1821033 1603270
3290276 3312205 9373628
198287 220216 4819426
3509566 3531495 1587754
2807838 2829767 712210
2215755 2237684 6403598
1864891 1886820 5087608
3377992 3399921 1986386
856157 878086 5350944
1842962 1864891 4827555
3487637 3509566 3811137
2807838 2829767 8203476
3706927 3728856 2078401
1996465 2018394 2562689
