1000
3362915 3386267 1
4553867 4577219 3
3900011 3923363 1
3736547 3759899 3
1097771 1121123 2
2055203 2078555 3
5511299 5534651 1
3316211 3339563 2
4717331 4740683 3
1704923 1728275 2
1938443 1961795 1
5558003 5581355 1
1751627 1774979 1
5628059 5651411 1
1004363 1027715 3
1237883 1261235 3
4226939 4250291 1
513971 537323 1
887603 910955 3
2849171 2872523 1
5417891 5441243 3
3176099 3199451 1
1985147 2008499 3
1961795 1985147 2
560675 584027 1
3900011 3923363 2
1097771 1121123 3
3409619 3432971 3
1985147 2008499 1
957659 981011 2
2545595 2568947 2
1751627 1774979 2
1121123 1144475 2
1191179 1214531 1
1097771 1121123 2
2592299 2615651 2
1774979 1798331 2
3129395 3152747 2
1634867 1658219 3
467267 490619 3
233747 257099 2
1051067 1074419 1
1074419 1097771 3
3596435 3619787 3
1074419 1097771 3
5301131 5324483 2
3269507 3292859 1
4577219 4600571 3
1121123 1144475 1
864251 887603 3
1774979 1798331 2
3479675 3503027 1
4016771 4040123 3
630731 654083 2
981011 1004363 1
1074419 1097771 1
3829955 3853307 2
1051067 1074419 1
1471403 1494755 2
257099 280451 3
1798331 1821683 3
1588163 1611515 2
5674763 5698115 3
1658219 1681571 2
1307939 1331291 1
2779115 2802467 1
2942579 2965931 1
4273643 4296995 1
116987 140339 3
2218667 2242019 3
2008499 2031851 3
1961795 1985147 3
1634867 1658219 3
3876659 3900011 1
3643139 3666491 2
1167827 1191179 3
1448051 1471403 1
3362915 3386267 3
5114315 5137667 3
1167827 1191179 1
5020907 5044259 1
1891739 1915091 3
794195 817547 2
1774979 1798331 3
3409619 3432971 1
3876659 3900011 1
2545595 2568947 3
1985147 2008499 1
233747 257099 3
1401347 1424699 2
910955 934307 2
1938443 1961795 3
1191179 1214531 2
3339563 3362915 3
3246155 3269507 1
2031851 2055203 1
3923363 3946715 3
3176099 3199451 3
3713195 3736547 2
3432971 3456323 1
5067611 5090963 3
4857443 4880795 1
3269507 3292859 1
1588163 1611515 1
443915 467267 2
3316211 3339563 1
3362915 3386267 1
1121123 1144475 3
1284587 1307939 1
3759899 3783251 1
5534651 5558003 1
4950851 4974203 2
1985147 2008499 3
3900011 3923363 1
3292859 3316211 2
3059339 3082691 3
1611515 1634867 2
5207723 5231075 1
3829955 3853307 1
1191179 1214531 1
887603 910955 2
4670627 4693979 1
1961795 1985147 3
3222803 3246155 1
3876659 3900011 2
93635 116987 3
1144475 1167827 2
840899 864251 3
4437107 4460459 3
1074419 1097771 2
864251 887603 2
1961795 1985147 2
1167827 1191179 2
1658219 1681571 2
1938443 1961795 1
4997555 5020907 2
1961795 1985147 3
257099 280451 1
747491 770843 3
5558003 5581355 1
1191179 1214531 2
4693979 4717331 3
910955 934307 2
2242019 2265371 1
1237883 1261235 2
3432971 3456323 2
1027715 1051067 2
5534651 5558003 1
5231075 5254427 2
864251 887603 1
5558003 5581355 2
3432971 3456323 2
3409619 3432971 1
1961795 1985147 1
1564811 1588163 2
1167827 1191179 2
3199451 3222803 2
607379 630731 1
4927499 4950851 2
2685707 2709059 2
4460459 4483811 3
4927499 4950851 2
1097771 1121123 3
3246155 3269507 3
4717331 4740683 2
3292859 3316211 1
233747 257099 1
4717331 4740683 2
3409619 3432971 2
1121123 1144475 3
1237883 1261235 2
1214531 1237883 3
3876659 3900011 1
654083 677435 3
1121123 1144475 2
1214531 1237883 2
467267 490619 3
4880795 4904147 3
3246155 3269507 3
1961795 1985147 1
4880795 4904147 1
5511299 5534651 3
3573083 3596435 1
2265371 2288723 2
4623923 4647275 1
4950851 4974203 1
1051067 1074419 3
1377995 1401347 3
1448051 1471403 2
1938443 1961795 1
981011 1004363 1
1074419 1097771 3
1518107 1541459 2
3713195 3736547 1
1985147 2008499 1
4203587 4226939 3
3736547 3759899 3
4460459 4483811 1
4483811 4507163 2
3759899 3783251 1
3432971 3456323 3
5254427 5277779 2
233747 257099 2
513971 537323 2
3222803 3246155 3
5558003 5581355 2
467267 490619 1
3246155 3269507 2
1634867 1658219 2
840899 864251 2
2989283 3012635 1
1144475 1167827 2
1611515 1634867 1
1074419 1097771 3
584027 607379 2
187043 210395 2
397211 420563 3
5371187 5394539 3
2849171 2872523 3
3176099 3199451 2
3035987 3059339 3
4320347 4343699 2
1938443 1961795 3
1774979 1798331 3
864251 887603 3
1121123 1144475 3
4273643 4296995 2
4717331 4740683 2
887603 910955 2
3269507 3292859 3
2475539 2498891 1
1354643 1377995 2
1938443 1961795 3
1588163 1611515 3
1051067 1074419 3
1611515 1634867 3
5558003 5581355 2
2872523 2895875 3
5464595 5487947 2
3199451 3222803 1
3456323 3479675 3
1961795 1985147 2
4647275 4670627 1
3386267 3409619 2
2639003 2662355 1
1097771 1121123 2
5558003 5581355 3
257099 280451 1
227 23579 2
3316211 3339563 3
5511299 5534651 3
3643139 3666491 3
2615651 2639003 3
2755763 2779115 1
490619 513971 2
3362915 3386267 1
3759899 3783251 1
5394539 5417891 3
864251 887603 3
3876659 3900011 3
5161019 5184371 3
2008499 2031851 3
1191179 1214531 1
3035987 3059339 2
3479675 3503027 1
3759899 3783251 1
2055203 2078555 3
2195315 2218667 1
3269507 3292859 1
1798331 1821683 1
840899 864251 2
2078555 2101907 1
1611515 1634867 3
1027715 1051067 3
3503027 3526379 3
2288723 2312075 3
1961795 1985147 2
1051067 1074419 3
4670627 4693979 1
1237883 1261235 2
3269507 3292859 2
3829955 3853307 3
957659 981011 3
1354643 1377995 1
537323 560675 2
5558003 5581355 1
3596435 3619787 2
1097771 1121123 2
5487947 5511299 3
3106043 3129395 2
4460459 4483811 3
607379 630731 2
3829955 3853307 3
3316211 3339563 2
373859 397211 2
1611515 1634867 3
1564811 1588163 2
233747 257099 2
5371187 5394539 1
1938443 1961795 3
1915091 1938443 1
1144475 1167827 1
1938443 1961795 2
1097771 1121123 1
467267 490619 3
3222803 3246155 3
140339 163691 1
3316211 3339563 1
981011 1004363 3
910955 934307 2
1915091 1938443 2
1354643 1377995 3
2849171 2872523 2
3970067 3993419 2
3409619 3432971 3
4273643 4296995 2
2008499 2031851 2
5207723 5231075 2
560675 584027 2
3573083 3596435 1
1891739 1915091 1
1915091 1938443 1
2031851 2055203 2
1611515 1634867 3
467267 490619 2
934307 957659 1
724139 747491 1
4530515 4553867 3
3900011 3923363 2
3316211 3339563 3
1961795 1985147 1
1237883 1261235 1
3596435 3619787 2
2522243 2545595 3
3152747 3176099 2
5464595 5487947 3
630731 654083 3
1868387 1891739 1
1144475 1167827 2
1634867 1658219 1
4507163 4530515 3
1938443 1961795 1
1144475 1167827 3
1144475 1167827 3
1167827 1191179 1
654083 677435 1
3853307 3876659 3
1074419 1097771 2
3456323 3479675 1
3386267 3409619 3
5184371 5207723 2
2615651 2639003 3
3736547 3759899 3
3362915 3386267 1
864251 887603 3
1961795 1985147 2
490619 513971 1
4600571 4623923 3
840899 864251 3
910955 934307 3
3526379 3549731 2
350507 373859 3
2522243 2545595 1
1494755 1518107 1
4483811 4507163 3
3035987 3059339 2
2522243 2545595 2
1167827 1191179 2
4693979 4717331 2
2008499 2031851 3
4717331 4740683 1
3596435 3619787 3
233747 257099 3
3923363 3946715 1
3596435 3619787 3
5044259 5067611 1
934307 957659 1
1144475 1167827 3
1938443 1961795 3
1027715 1051067 2
1214531 1237883 3
4273643 4296995 1
1144475 1167827 3
864251 887603 3
4367051 4390403 2
233747 257099 2
1191179 1214531 2
2662355 2685707 2
3736547 3759899 3
233747 257099 3
1214531 1237883 2
4810739 4834091 3
3876659 3900011 1
46931 70283 3
5534651 5558003 1
4437107 4460459 3
1167827 1191179 2
4717331 4740683 1
2171963 2195315 1
1891739 1915091 2
630731 654083 3
957659 981011 1
3409619 3432971 2
3456323 3479675 1
3759899 3783251 2
2965931 2989283 1
1097771 1121123 2
1938443 1961795 1
1191179 1214531 3
1611515 1634867 3
817547 840899 1
303803 327155 2
3362915 3386267 1
513971 537323 1
2498891 2522243 1
3923363 3946715 3
3409619 3432971 1
93635 116987 3
3199451 3222803 1
2615651 2639003 2
4320347 4343699 2
4904147 4927499 2
1167827 1191179 2
3736547 3759899 1
3386267 3409619 1
4577219 4600571 2
4413755 4437107 1
4880795 4904147 2
3292859 3316211 3
5464595 5487947 3
5441243 5464595 1
910955 934307 3
1915091 1938443 2
1985147 2008499 2
2008499 2031851 3
3596435 3619787 3
1985147 2008499 3
1237883 1261235 1
4927499 4950851 2
5628059 5651411 2
93635 116987 2
1354643 1377995 2
5207723 5231075 2
4133531 4156883 2
3596435 3619787 2
4880795 4904147 1
3222803 3246155 3
1214531 1237883 1
3152747 3176099 1
2872523 2895875 1
3339563 3362915 3
4437107 4460459 3
1751627 1774979 1
3386267 3409619 3
3012635 3035987 3
3432971 3456323 2
233747 257099 1
3059339 3082691 3
934307 957659 2
5698115 5721467 2
1004363 1027715 3
2148611 2171963 1
1985147 2008499 3
2732411 2755763 3
3269507 3292859 1
2008499 2031851 3
1821683 1845035 1
934307 957659 2
2545595 2568947 2
1144475 1167827 2
1915091 1938443 3
140339 163691 2
1774979 1798331 2
3269507 3292859 1
1214531 1237883 3
1494755 1518107 2
1891739 1915091 3
4717331 4740683 1
3829955 3853307 1
163691 187043 3
3876659 3900011 3
3199451 3222803 1
2358779 2382131 2
1821683 1845035 3
2849171 2872523 1
1611515 1634867 2
397211 420563 1
1167827 1191179 3
5581355 5604707 1
4040123 4063475 2
2872523 2895875 3
4974203 4997555 2
3876659 3900011 2
1891739 1915091 1
4437107 4460459 3
3199451 3222803 1
4810739 4834091 3
887603 910955 3
2031851 2055203 3
3292859 3316211 1
3900011 3923363 2
1377995 1401347 2
3292859 3316211 3
3666491 3689843 1
3573083 3596435 2
3829955 3853307 1
4180235 4203587 1
1027715 1051067 1
1167827 1191179 2
3222803 3246155 3
981011 1004363 1
4647275 4670627 2
70283 93635 3
5558003 5581355 3
3292859 3316211 1
4250291 4273643 3
1985147 2008499 1
3689843 3713195 3
3549731 3573083 1
1027715 1051067 2
1961795 1985147 1
3829955 3853307 1
2732411 2755763 2
3432971 3456323 1
3619787 3643139 1
3876659 3900011 3
2849171 2872523 1
5161019 5184371 2
3035987 3059339 2
840899 864251 2
210395 233747 2
1938443 1961795 3
5721467 5744819 3
3339563 3362915 3
4063475 4086827 2
3806603 3829955 1
4110179 4133531 1
2008499 2031851 3
3386267 3409619 3
1051067 1074419 1
233747 257099 1
2965931 2989283 2
2055203 2078555 3
2382131 2405483 2
3456323 3479675 1
4530515 4553867 2
5534651 5558003 2
4647275 4670627 2
3269507 3292859 2
2031851 2055203 2
1915091 1938443 1
3783251 3806603 3
1144475 1167827 3
1798331 1821683 1
3829955 3853307 3
1424699 1448051 3
280451 303803 2
2965931 2989283 2
3059339 3082691 1
3269507 3292859 1
3269507 3292859 3
5114315 5137667 3
4507163 4530515 1
1961795 1985147 3
1681571 1704923 1
2055203 2078555 3
910955 934307 1
1564811 1588163 1
1961795 1985147 1
2312075 2335427 1
1634867 1658219 3
3409619 3432971 3
3316211 3339563 2
2545595 2568947 3
5604707 5628059 3
817547 840899 2
3316211 3339563 2
2802467 2825819 2
3409619 3432971 2
2872523 2895875 3
5487947 5511299 3
5651411 5674763 3
3246155 3269507 1
5581355 5604707 3
2008499 2031851 3
560675 584027 2
3549731 3573083 2
3292859 3316211 2
1985147 2008499 2
3503027 3526379 2
3806603 3829955 2
233747 257099 2
5558003 5581355 3
1961795 1985147 3
1961795 1985147 2
1121123 1144475 2
1214531 1237883 2
4904147 4927499 3
3339563 3362915 3
1237883 1261235 1
4460459 4483811 2
2288723 2312075 2
1237883 1261235 2
4483811 4507163 2
2709059 2732411 3
2288723 2312075 1
1961795 1985147 1
3853307 3876659 3
1728275 1751627 2
3316211 3339563 1
2335427 2358779 2
3456323 3479675 3
1261235 1284587 3
3503027 3526379 2
1985147 2008499 3
677435 700787 1
5441243 5464595 3
3362915 3386267 3
2428835 2452187 1
3292859 3316211 1
2779115 2802467 1
3269507 3292859 2
3736547 3759899 2
1377995 1401347 1
1588163 1611515 3
3292859 3316211 1
3432971 3456323 2
397211 420563 2
1985147 2008499 3
3269507 3292859 1
5090963 5114315 1
1144475 1167827 3
3829955 3853307 3
4857443 4880795 1
4367051 4390403 3
4016771 4040123 2
5277779 5301131 1
3199451 3222803 2
3362915 3386267 3
747491 770843 1
4670627 4693979 2
840899 864251 2
1074419 1097771 3
3246155 3269507 1
4904147 4927499 3
1891739 1915091 2
23579 46931 1
981011 1004363 3
3362915 3386267 2
1681571 1704923 2
3573083 3596435 3
1191179 1214531 1
210395 233747 1
3409619 3432971 3
1961795 1985147 1
1798331 1821683 3
2148611 2171963 3
5581355 5604707 1
3759899 3783251 1
1915091 1938443 2
3549731 3573083 1
654083 677435 1
3222803 3246155 1
5137667 5161019 2
3456323 3479675 1
3292859 3316211 1
1938443 1961795 1
5207723 5231075 1
1167827 1191179 3
1331291 1354643 2
3269507 3292859 3
3246155 3269507 3
1167827 1191179 2
1985147 2008499 3
3292859 3316211 1
3432971 3456323 1
5534651 5558003 2
5371187 5394539 2
5558003 5581355 2
1728275 1751627 3
2872523 2895875 3
1985147 2008499 2
1167827 1191179 3
1961795 1985147 2
1564811 1588163 1
5744819 5768171 3
864251 887603 2
1961795 1985147 1
3269507 3292859 2
3549731 3573083 2
4927499 4950851 3
5090963 5114315 2
2895875 2919227 3
2125259 2148611 3
1798331 1821683 1
2545595 2568947 3
840899 864251 2
3456323 3479675 1
1564811 1588163 3
1167827 1191179 2
537323 560675 3
957659 981011 2
4693979 4717331 1
3176099 3199451 1
3059339 3082691 1
864251 887603 3
560675 584027 1
1144475 1167827 3
1915091 1938443 1
3479675 3503027 1
1985147 2008499 1
1261235 1284587 3
1121123 1144475 1
910955 934307 2
3479675 3503027 1
3970067 3993419 3
1634867 1658219 1
957659 981011 1
560675 584027 1
3362915 3386267 1
5044259 5067611 3
5534651 5558003 3
1051067 1074419 2
584027 607379 3
4927499 4950851 1
513971 537323 1
5581355 5604707 1
3292859 3316211 3
3176099 3199451 1
4904147 4927499 3
1611515 1634867 2
3853307 3876659 1
981011 1004363 1
934307 957659 2
3806603 3829955 1
3993419 4016771 3
3339563 3362915 1
2522243 2545595 3
5674763 5698115 2
934307 957659 1
5324483 5347835 2
420563 443915 1
3783251 3806603 3
1611515 1634867 2
1167827 1191179 2
1191179 1214531 3
1845035 1868387 1
1191179 1214531 1
770843 794195 1
1004363 1027715 3
4834091 4857443 3
3409619 3432971 1
3386267 3409619 3
3946715 3970067 1
5604707 5628059 1
1097771 1121123 2
3503027 3526379 2
2639003 2662355 3
3806603 3829955 2
5441243 5464595 2
1915091 1938443 1
1214531 1237883 3
3759899 3783251 2
5768171 5791523 3
4693979 4717331 2
3573083 3596435 2
4507163 4530515 3
1097771 1121123 2
3900011 3923363 2
1938443 1961795 1
3503027 3526379 1
2825819 2849171 1
3853307 3876659 1
1424699 1448051 2
1891739 1915091 1
2849171 2872523 2
1097771 1121123 3
630731 654083 2
840899 864251 3
3316211 3339563 1
4764035 4787387 3
4156883 4180235 2
2825819 2849171 1
3362915 3386267 1
3759899 3783251 3
1354643 1377995 2
934307 957659 3
5534651 5558003 3
840899 864251 2
1868387 1891739 3
467267 490619 1
2872523 2895875 3
1191179 1214531 2
1961795 1985147 1
4086827 4110179 1
3829955 3853307 3
3339563 3362915 3
3503027 3526379 3
2522243 2545595 1
1728275 1751627 3
5347835 5371187 3
5090963 5114315 3
4390403 4413755 1
3316211 3339563 1
1167827 1191179 2
3573083 3596435 2
2031851 2055203 1
4553867 4577219 1
4834091 4857443 1
3269507 3292859 3
4250291 4273643 2
3199451 3222803 3
3082691 3106043 3
2919227 2942579 3
3900011 3923363 3
2055203 2078555 3
1424699 1448051 3
2919227 2942579 1
3829955 3853307 3
957659 981011 2
981011 1004363 2
1237883 1261235 1
957659 981011 2
1985147 2008499 1
840899 864251 2
3876659 3900011 1
1938443 1961795 1
887603 910955 1
910955 934307 1
3853307 3876659 3
1494755 1518107 3
3432971 3456323 1
5791523 5814875 3
3316211 3339563 1
2008499 2031851 2
1915091 1938443 2
2545595 2568947 2
3316211 3339563 1
2008499 2031851 1
5090963 5114315 2
1401347 1424699 3
3829955 3853307 1
3199451 3222803 1
3222803 3246155 2
3409619 3432971 1
1985147 2008499 3
1074419 1097771 3
2312075 2335427 2
2568947 2592299 2
1401347 1424699 1
817547 840899 3
3409619 3432971 3
2101907 2125259 1
1191179 1214531 1
3923363 3946715 1
1658219 1681571 2
4296995 4320347 1
1938443 1961795 1
1938443 1961795 1
1214531 1237883 2
1821683 1845035 3
3432971 3456323 1
887603 910955 1
2755763 2779115 1
560675 584027 3
4250291 4273643 2
1518107 1541459 1
3923363 3946715 2
817547 840899 1
3176099 3199451 1
4600571 4623923 1
513971 537323 2
1004363 1027715 3
840899 864251 3
1868387 1891739 3
3876659 3900011 3
840899 864251 2
5231075 5254427 3
3783251 3806603 3
817547 840899 1
3829955 3853307 2
1167827 1191179 3
4740683 4764035 2
817547 840899 2
5371187 5394539 3
490619 513971 1
3339563 3362915 2
3269507 3292859 2
3316211 3339563 1
2335427 2358779 2
3783251 3806603 3
840899 864251 1
2895875 2919227 3
1751627 1774979 1
4834091 4857443 2
1728275 1751627 2
2825819 2849171 1
3829955 3853307 3
2895875 2919227 2
5487947 5511299 1
3783251 3806603 1
1144475 1167827 1
5277779 5301131 2
1798331 1821683 1
864251 887603 2
700787 724139 2
2008499 2031851 3
3386267 3409619 1
1167827 1191179 2
1985147 2008499 3
3923363 3946715 2
257099 280451 2
1121123 1144475 3
1214531 1237883 2
2008499 2031851 1
1985147 2008499 1
5511299 5534651 1
3946715 3970067 3
4880795 4904147 3
1985147 2008499 2
4530515 4553867 3
4787387 4810739 2
3409619 3432971 1
1214531 1237883 2
1191179 1214531 1
1985147 2008499 2
3292859 3316211 1
1938443 1961795 1
1144475 1167827 3
1985147 2008499 2
1541459 1564811 3
4437107 4460459 2
1027715 1051067 3
3432971 3456323 1
4717331 4740683 1
4040123 4063475 3
1985147 2008499 3
3176099 3199451 1
4226939 4250291 1
1541459 1564811 2
4413755 4437107 3
2405483 2428835 2
2031851 2055203 3
2312075 2335427 2
2031851 2055203 3
537323 560675 1
3432971 3456323 3
1518107 1541459 3
934307 957659 1
1191179 1214531 1
1074419 1097771 3
1751627 1774979 1
3900011 3923363 2
1144475 1167827 2
2849171 2872523 3
1774979 1798331 1
5231075 5254427 1
1938443 1961795 2
2545595 2568947 3
1985147 2008499 1
4717331 4740683 2
2452187 2475539 1
1751627 1774979 2
910955 934307 2
3666491 3689843 1
2965931 2989283 1
2335427 2358779 2
3549731 3573083 1
1915091 1938443 1
4437107 4460459 1
910955 934307 3
3222803 3246155 2
3970067 3993419 3
233747 257099 1
3923363 3946715 3
2895875 2919227 1
5324483 5347835 1
1167827 1191179 3
4950851 4974203 2
1191179 1214531 1
3573083 3596435 2
3199451 3222803 1
3619787 3643139 3
3456323 3479675 3
4670627 4693979 3
1915091 1938443 2
327155 350507 2
4343699 4367051 3
1191179 1214531 3
2055203 2078555 2
490619 513971 1
3246155 3269507 3
1588163 1611515 1
5651411 5674763 2
864251 887603 3
2522243 2545595 3
2615651 2639003 1
490619 513971 1
2008499 2031851 3
3806603 3829955 1
