1000
1863190 1894236 5
2204696 2235742 20
3943272 3974318 47
2328880 2359926 44
2049466 2080512 9
559258 590304 20
5123020 5154066 54
4905698 4936744 10
745534 776580 28
1273316 1304362 14
2297834 2328880 28
1273316 1304362 29
2173650 2204696 58
1863190 1894236 44
2453064 2484110 14
931810 962856 44
1739006 1770052 59
1863190 1894236 24
1583776 1614822 25
2422018 2453064 19
2546202 2577248 8
2111558 2142604 31
2111558 2142604 51
1987374 2018420 2
435074 466120 14
186706 217752 4
4377916 4408962 32
1832144 1863190 56
2111558 2142604 37
1987374 2018420 26
1863190 1894236 47
1925282 1956328 37
1118086 1149132 30
1863190 1894236 53
1118086 1149132 4
1894236 1925282 56
2328880 2359926 29
1987374 2018420 14
2111558 2142604 33
2484110 2515156 30
2235742 2266788 28
5091974 5123020 58
1894236 1925282 6
1118086 1149132 25
3943272 3974318 22
2080512 2111558 56
2328880 2359926 19
1024948 1055994 10
4315824 4346870 5
2049466 2080512 28
1832144 1863190 46
2732478 2763524 19
2173650 2204696 13
2359926 2390972 4
2018420 2049466 42
3974318 4005364 6
2080512 2111558 11
2639340 2670386 2
1863190 1894236 21
1770052 1801098 56
1894236 1925282 11
2204696 2235742 36
2266788 2297834 55
1832144 1863190 35
2173650 2204696 58
1242270 1273316 15
4719422 4750468 5
2080512 2111558 57
1242270 1273316 16
1211224 1242270 29
3508628 3539674 23
2080512 2111558 22
1242270 1273316 59
3912226 3943272 8
1739006 1770052 23
2173650 2204696 30
4346870 4377916 10
2297834 2328880 48
1459592 1490638 11
2018420 2049466 57
2297834 2328880 19
2080512 2111558 32
2018420 2049466 7
3881180 3912226 13
3167122 3198168 6
838672 869718 46
4377916 4408962 12
3011892 3042938 43
2266788 2297834 3
1304362 1335408 54
2049466 2080512 2
2701432 2732478 38
2142604 2173650 16
1863190 1894236 59
2390972 2422018 3
2173650 2204696 11
1304362 1335408 17
2608294 2639340 59
1925282 1956328 46
1987374 2018420 55
4377916 4408962 46
4160594 4191640 38
745534 776580 9
3881180 3912226 40
2359926 2390972 5
2856662 2887708 38
4191640 4222686 31
4346870 4377916 1
3663858 3694904 13
2080512 2111558 38
3229214 3260260 38
3850134 3881180 1
2235742 2266788 36
3136076 3167122 34
1863190 1894236 22
5029882 5060928 20
1087040 1118086 34
4284778 4315824 5
124614 155660 45
2297834 2328880 6
1956328 1987374 19
3850134 3881180 40
5091974 5123020 42
31476 62522 46
2515156 2546202 53
1987374 2018420 40
2266788 2297834 18
528212 559258 40
62522 93568 28
3291306 3322352 43
4098502 4129548 37
2142604 2173650 59
3415490 3446536 28
2235742 2266788 24
2142604 2173650 50
3198168 3229214 24
4533146 4564192 30
1211224 1242270 14
5091974 5123020 50
2670386 2701432 45
1304362 1335408 60
2173650 2204696 21
1925282 1956328 5
1956328 1987374 47
559258 590304 20
2049466 2080512 34
1987374 2018420 29
2111558 2142604 60
3105030 3136076 49
2204696 2235742 22
1956328 1987374 6
3384444 3415490 6
3974318 4005364 38
1894236 1925282 22
1304362 1335408 52
3539674 3570720 54
2980846 3011892 57
4036410 4067456 42
2887708 2918754 16
2949800 2980846 58
2235742 2266788 50
4129548 4160594 49
2018420 2049466 52
2453064 2484110 56
2359926 2390972 25
1956328 1987374 47
2204696 2235742 2
1087040 1118086 28
2235742 2266788 7
1273316 1304362 4
2111558 2142604 5
1863190 1894236 10
2608294 2639340 45
4129548 4160594 46
310890 341936 31
2515156 2546202 9
5123020 5154066 16
528212 559258 26
869718 900764 32
124614 155660 6
683442 714488 35
1832144 1863190 59
1987374 2018420 29
3477582 3508628 7
155660 186706 17
745534 776580 54
5029882 5060928 39
1242270 1273316 12
5123020 5154066 52
1863190 1894236 45
3073984 3105030 58
2080512 2111558 45
2204696 2235742 51
2422018 2453064 36
2453064 2484110 10
2204696 2235742 22
2173650 2204696 41
4315824 4346870 39
714488 745534 21
1614822 1645868 42
2049466 2080512 59
3011892 3042938 2
3943272 3974318 14
1894236 1925282 60
1863190 1894236 22
2111558 2142604 19
3105030 3136076 40
2111558 2142604 9
4005364 4036410 42
2142604 2173650 8
2266788 2297834 29
4036410 4067456 36
2018420 2049466 29
5029882 5060928 6
3105030 3136076 24
2546202 2577248 41
1925282 1956328 50
4067456 4098502 47
3632812 3663858 48
1987374 2018420 23
3912226 3943272 7
3974318 4005364 53
1770052 1801098 43
1987374 2018420 38
2111558 2142604 23
2484110 2515156 1
993902 1024948 47
5185112 5216158 45
4408962 4440008 48
2080512 2111558 13
4843606 4874652 28
2142604 2173650 13
1925282 1956328 42
3105030 3136076 26
2204696 2235742 59
993902 1024948 56
2080512 2111558 34
217752 248798 22
1863190 1894236 1
2639340 2670386 11
2297834 2328880 8
2204696 2235742 59
1987374 2018420 22
2297834 2328880 12
2577248 2608294 2
1335408 1366454 22
1987374 2018420 51
3011892 3042938 25
2732478 2763524 55
2142604 2173650 26
4098502 4129548 29
2080512 2111558 39
2018420 2049466 4
2328880 2359926 22
3974318 4005364 3
1956328 1987374 4
2453064 2484110 35
1863190 1894236 50
4284778 4315824 55
559258 590304 38
2173650 2204696 11
3136076 3167122 47
1956328 1987374 26
2018420 2049466 1
1335408 1366454 25
1894236 1925282 23
3384444 3415490 60
1087040 1118086 57
4222686 4253732 5
1987374 2018420 22
2328880 2359926 40
1925282 1956328 49
590304 621350 14
1801098 1832144 31
1801098 1832144 34
2049466 2080512 50
1863190 1894236 18
1273316 1304362 4
2328880 2359926 16
1863190 1894236 2
1925282 1956328 39
2515156 2546202 5
1180178 1211224 52
5154066 5185112 33
5216158 5247204 25
2049466 2080512 29
1863190 1894236 54
2204696 2235742 11
2080512 2111558 2
3943272 3974318 49
2980846 3011892 59
2484110 2515156 36
900764 931810 28
1925282 1956328 39
1180178 1211224 27
1987374 2018420 51
1956328 1987374 54
2297834 2328880 53
1925282 1956328 59
1490638 1521684 19
1987374 2018420 48
5029882 5060928 19
1925282 1956328 3
1925282 1956328 37
3446536 3477582 50
5154066 5185112 49
2980846 3011892 46
2204696 2235742 32
2235742 2266788 25
4874652 4905698 14
1801098 1832144 17
4005364 4036410 60
2204696 2235742 42
1801098 1832144 30
3819088 3850134 52
4284778 4315824 60
4098502 4129548 46
3912226 3943272 41
1863190 1894236 24
3011892 3042938 32
2390972 2422018 48
2080512 2111558 25
4533146 4564192 26
1956328 1987374 31
2266788 2297834 41
2515156 2546202 13
3570720 3601766 7
2484110 2515156 33
1925282 1956328 51
2235742 2266788 48
1832144 1863190 18
3042938 3073984 55
2235742 2266788 34
2142604 2173650 6
3198168 3229214 1
1180178 1211224 38
2111558 2142604 6
2111558 2142604 36
2204696 2235742 44
1428546 1459592 4
1304362 1335408 32
2204696 2235742 50
2359926 2390972 17
3912226 3943272 47
2484110 2515156 13
1273316 1304362 4
4036410 4067456 46
2142604 2173650 52
1925282 1956328 25
1304362 1335408 30
1645868 1676914 30
279844 310890 37
3943272 3974318 53
2204696 2235742 59
4005364 4036410 28
1987374 2018420 27
2204696 2235742 54
776580 807626 3
3881180 3912226 19
155660 186706 29
931810 962856 59
2484110 2515156 29
1863190 1894236 20
1956328 1987374 3
3694904 3725950 23
1863190 1894236 26
2142604 2173650 31
993902 1024948 48
1739006 1770052 1
2018420 2049466 56
2142604 2173650 54
2266788 2297834 17
1770052 1801098 50
3912226 3943272 23
4440008 4471054 24
1987374 2018420 60
3912226 3943272 19
1863190 1894236 55
2049466 2080512 60
2453064 2484110 57
2297834 2328880 12
3943272 3974318 17
2297834 2328880 39
1459592 1490638 52
2111558 2142604 38
2111558 2142604 53
4626284 4657330 50
1739006 1770052 9
714488 745534 5
3105030 3136076 35
186706 217752 29
1801098 1832144 47
1894236 1925282 19
1211224 1242270 43
2049466 2080512 9
1956328 1987374 25
1118086 1149132 31
2111558 2142604 27
4036410 4067456 44
3446536 3477582 28
3881180 3912226 31
2949800 2980846 13
2080512 2111558 23
372982 404028 43
2049466 2080512 35
2018420 2049466 2
2018420 2049466 3
4036410 4067456 26
1304362 1335408 52
5185112 5216158 32
3788042 3819088 33
248798 279844 44
2422018 2453064 30
4688376 4719422 33
3136076 3167122 52
2018420 2049466 36
2266788 2297834 30
3539674 3570720 17
2297834 2328880 38
2173650 2204696 4
1894236 1925282 32
3105030 3136076 40
1770052 1801098 56
3881180 3912226 13
1925282 1956328 50
124614 155660 46
2173650 2204696 10
1397500 1428546 60
2173650 2204696 11
4812560 4843606 53
2484110 2515156 47
1987374 2018420 9
1770052 1801098 17
2577248 2608294 31
4067456 4098502 43
2018420 2049466 58
2235742 2266788 60
2359926 2390972 34
3601766 3632812 52
2018420 2049466 45
1832144 1863190 52
1987374 2018420 34
1863190 1894236 45
745534 776580 47
4005364 4036410 51
1894236 1925282 22
962856 993902 43
1180178 1211224 50
3943272 3974318 41
4408962 4440008 23
1366454 1397500 22
3974318 4005364 48
2142604 2173650 2
2266788 2297834 2
1707960 1739006 29
497166 528212 1
1956328 1987374 48
1894236 1925282 15
93568 124614 46
2266788 2297834 17
3570720 3601766 10
1987374 2018420 1
1801098 1832144 23
1894236 1925282 3
1925282 1956328 2
5154066 5185112 15
2080512 2111558 7
1987374 2018420 39
2173650 2204696 15
4626284 4657330 26
2204696 2235742 29
1987374 2018420 5
1521684 1552730 56
3167122 3198168 29
1894236 1925282 60
3105030 3136076 12
1863190 1894236 27
5123020 5154066 44
4377916 4408962 54
1304362 1335408 20
2235742 2266788 51
2546202 2577248 17
5060928 5091974 58
2204696 2235742 5
559258 590304 43
2204696 2235742 2
2080512 2111558 22
2049466 2080512 2
186706 217752 41
1925282 1956328 36
62522 93568 9
3912226 3943272 22
2235742 2266788 16
2111558 2142604 38
2732478 2763524 41
2235742 2266788 38
1739006 1770052 18
1832144 1863190 52
1956328 1987374 38
2763524 2794570 33
528212 559258 34
2018420 2049466 17
3974318 4005364 38
4067456 4098502 47
5154066 5185112 51
3136076 3167122 13
497166 528212 31
1925282 1956328 47
1770052 1801098 11
1987374 2018420 11
2111558 2142604 24
1552730 1583776 20
3353398 3384444 9
2980846 3011892 37
2080512 2111558 24
2204696 2235742 56
2018420 2049466 32
1832144 1863190 47
1863190 1894236 29
1832144 1863190 60
2080512 2111558 9
1211224 1242270 15
2328880 2359926 47
2204696 2235742 17
1304362 1335408 49
900764 931810 16
4098502 4129548 7
3850134 3881180 51
2266788 2297834 45
1832144 1863190 6
3508628 3539674 48
1987374 2018420 8
683442 714488 40
1832144 1863190 8
3974318 4005364 5
2701432 2732478 42
2422018 2453064 29
2794570 2825616 47
2018420 2049466 53
2111558 2142604 38
2049466 2080512 26
2142604 2173650 12
528212 559258 1
2235742 2266788 30
1149132 1180178 26
3415490 3446536 17
62522 93568 46
2266788 2297834 43
2670386 2701432 28
2515156 2546202 21
1894236 1925282 5
2297834 2328880 20
2359926 2390972 37
2577248 2608294 11
4036410 4067456 8
1894236 1925282 45
4129548 4160594 30
2018420 2049466 35
2235742 2266788 8
1956328 1987374 29
2546202 2577248 31
621350 652396 58
1956328 1987374 37
652396 683442 1
2266788 2297834 10
1242270 1273316 21
3167122 3198168 16
1894236 1925282 34
1832144 1863190 54
2142604 2173650 50
3632812 3663858 34
869718 900764 39
2173650 2204696 56
3167122 3198168 26
4346870 4377916 42
1055994 1087040 28
2328880 2359926 22
2515156 2546202 44
2142604 2173650 15
1801098 1832144 9
2266788 2297834 55
1894236 1925282 36
5060928 5091974 15
4005364 4036410 36
3974318 4005364 4
1925282 1956328 57
4843606 4874652 25
404028 435074 51
3167122 3198168 30
4067456 4098502 44
2080512 2111558 28
1335408 1366454 20
2235742 2266788 25
1956328 1987374 3
2235742 2266788 34
4036410 4067456 55
2080512 2111558 54
5060928 5091974 7
2111558 2142604 26
2390972 2422018 23
2949800 2980846 30
3011892 3042938 22
2297834 2328880 22
2639340 2670386 5
4843606 4874652 38
4408962 4440008 1
3508628 3539674 2
807626 838672 56
1925282 1956328 17
2235742 2266788 51
3943272 3974318 59
1242270 1273316 47
2111558 2142604 21
1956328 1987374 25
1894236 1925282 45
3943272 3974318 2
3570720 3601766 22
4440008 4471054 12
1863190 1894236 1
1863190 1894236 37
2018420 2049466 45
1956328 1987374 2
4005364 4036410 39
2080512 2111558 36
2018420 2049466 58
1987374 2018420 57
430 31476 6
2359926 2390972 50
2018420 2049466 58
4377916 4408962 34
2049466 2080512 11
2825616 2856662 2
4812560 4843606 6
2080512 2111558 15
2173650 2204696 14
2484110 2515156 16
2546202 2577248 7
776580 807626 18
2142604 2173650 29
2546202 2577248 57
466120 497166 56
217752 248798 16
2297834 2328880 22
4098502 4129548 42
1863190 1894236 3
4750468 4781514 2
1770052 1801098 57
1956328 1987374 6
2080512 2111558 51
3570720 3601766 40
2018420 2049466 48
2173650 2204696 53
2390972 2422018 31
2142604 2173650 9
4253732 4284778 42
1676914 1707960 30
2049466 2080512 30
2049466 2080512 44
2018420 2049466 45
3105030 3136076 14
3105030 3136076 9
1956328 1987374 18
4812560 4843606 28
2080512 2111558 58
1770052 1801098 21
900764 931810 26
3974318 4005364 17
3974318 4005364 49
1925282 1956328 55
1956328 1987374 47
1863190 1894236 19
5123020 5154066 59
1894236 1925282 14
2173650 2204696 45
683442 714488 37
683442 714488 31
1801098 1832144 31
2390972 2422018 17
2049466 2080512 49
2422018 2453064 26
5060928 5091974 8
1894236 1925282 13
621350 652396 15
3881180 3912226 22
1894236 1925282 5
2111558 2142604 41
4471054 4502100 48
155660 186706 16
1925282 1956328 14
4067456 4098502 56
2266788 2297834 35
4905698 4936744 23
3725950 3756996 24
2080512 2111558 12
1863190 1894236 55
2204696 2235742 23
1894236 1925282 52
3850134 3881180 13
2142604 2173650 59
4005364 4036410 23
2173650 2204696 14
2018420 2049466 38
2204696 2235742 21
4067456 4098502 50
4657330 4688376 19
2049466 2080512 29
2018420 2049466 55
2515156 2546202 5
1149132 1180178 43
2235742 2266788 58
279844 310890 25
2142604 2173650 48
2080512 2111558 36
3446536 3477582 19
4377916 4408962 9
1211224 1242270 57
1273316 1304362 42
1801098 1832144 19
2453064 2484110 29
3912226 3943272 4
1894236 1925282 5
3943272 3974318 58
2887708 2918754 45
2235742 2266788 46
2111558 2142604 22
4036410 4067456 7
2204696 2235742 14
2111558 2142604 21
5185112 5216158 17
2049466 2080512 14
1832144 1863190 48
2235742 2266788 42
1087040 1118086 60
1304362 1335408 23
1273316 1304362 33
155660 186706 27
4533146 4564192 39
2142604 2173650 37
2577248 2608294 28
2608294 2639340 21
2173650 2204696 35
186706 217752 39
2453064 2484110 43
1894236 1925282 35
372982 404028 31
4967790 4998836 35
1894236 1925282 2
2359926 2390972 5
5029882 5060928 42
1894236 1925282 26
1242270 1273316 58
2577248 2608294 22
1987374 2018420 11
2018420 2049466 1
3725950 3756996 6
1087040 1118086 10
1832144 1863190 50
4502100 4533146 23
2204696 2235742 12
5123020 5154066 1
1583776 1614822 42
4626284 4657330 17
5216158 5247204 17
1956328 1987374 54
2204696 2235742 42
2111558 2142604 16
3446536 3477582 45
1956328 1987374 53
2297834 2328880 19
1956328 1987374 15
1894236 1925282 5
1180178 1211224 45
3756996 3788042 1
4998836 5029882 10
3384444 3415490 33
4067456 4098502 59
2049466 2080512 26
2608294 2639340 4
1987374 2018420 46
2297834 2328880 21
1863190 1894236 17
3570720 3601766 38
1863190 1894236 25
3912226 3943272 24
2328880 2359926 32
2049466 2080512 25
2390972 2422018 6
4005364 4036410 31
2390972 2422018 23
2235742 2266788 56
2297834 2328880 2
2204696 2235742 18
1863190 1894236 22
3819088 3850134 28
1428546 1459592 29
1273316 1304362 51
1925282 1956328 7
1770052 1801098 15
2887708 2918754 45
5060928 5091974 60
2328880 2359926 6
869718 900764 6
1894236 1925282 12
1925282 1956328 55
2546202 2577248 39
2359926 2390972 34
2142604 2173650 18
2422018 2453064 29
3974318 4005364 43
4005364 4036410 50
3694904 3725950 33
372982 404028 48
2080512 2111558 28
1770052 1801098 47
4440008 4471054 20
2390972 2422018 48
2825616 2856662 56
2049466 2080512 15
2173650 2204696 45
3850134 3881180 18
2111558 2142604 38
2080512 2111558 23
2484110 2515156 31
2515156 2546202 56
1956328 1987374 21
1863190 1894236 53
4377916 4408962 28
2142604 2173650 18
155660 186706 55
5029882 5060928 43
1832144 1863190 19
4781514 4812560 60
341936 372982 36
2049466 2080512 58
3167122 3198168 55
2204696 2235742 6
1925282 1956328 8
310890 341936 47
1087040 1118086 39
3974318 4005364 27
2297834 2328880 28
341936 372982 18
2049466 2080512 24
2266788 2297834 15
900764 931810 45
3601766 3632812 26
3198168 3229214 6
2328880 2359926 21
1894236 1925282 4
2918754 2949800 42
2235742 2266788 40
2577248 2608294 29
2639340 2670386 41
2390972 2422018 39
1211224 1242270 31
4098502 4129548 35
1770052 1801098 52
4346870 4377916 43
2049466 2080512 30
2266788 2297834 6
2266788 2297834 39
2204696 2235742 20
1832144 1863190 49
1739006 1770052 18
1801098 1832144 25
2546202 2577248 15
1055994 1087040 54
3632812 3663858 35
1894236 1925282 16
1180178 1211224 26
2204696 2235742 54
1863190 1894236 51
2049466 2080512 57
2546202 2577248 38
2204696 2235742 22
2266788 2297834 24
4905698 4936744 11
2577248 2608294 58
2359926 2390972 44
869718 900764 7
2453064 2484110 59
4998836 5029882 2
2173650 2204696 17
1894236 1925282 54
2018420 2049466 35
2018420 2049466 36
1490638 1521684 14
3943272 3974318 36
4067456 4098502 46
3663858 3694904 47
2204696 2235742 24
2080512 2111558 15
1956328 1987374 41
4005364 4036410 31
2235742 2266788 58
2049466 2080512 17
2546202 2577248 54
1459592 1490638 34
1956328 1987374 11
3974318 4005364 44
776580 807626 36
1801098 1832144 42
2018420 2049466 1
1894236 1925282 45
1925282 1956328 32
1242270 1273316 32
3881180 3912226 40
2235742 2266788 42
3167122 3198168 19
4036410 4067456 19
4036410 4067456 20
3167122 3198168 47
1987374 2018420 13
2328880 2359926 39
4377916 4408962 10
2111558 2142604 20
2204696 2235742 56
93568 124614 15
1987374 2018420 56
1987374 2018420 38
1459592 1490638 51
1832144 1863190 55
2142604 2173650 37
2111558 2142604 14
2235742 2266788 31
2080512 2111558 54
2515156 2546202 42
4936744 4967790 17
2980846 3011892 34
2142604 2173650 42
3198168 3229214 36
931810 962856 59
4067456 4098502 51
3974318 4005364 55
2204696 2235742 3
2080512 2111558 51
2235742 2266788 7
2732478 2763524 39
1956328 1987374 48
3073984 3105030 53
559258 590304 51
2266788 2297834 57
2359926 2390972 56
2949800 2980846 24
1987374 2018420 3
1863190 1894236 29
2111558 2142604 15
1242270 1273316 8
869718 900764 48
2204696 2235742 30
2142604 2173650 10
2049466 2080512 21
4595238 4626284 27
2515156 2546202 29
2080512 2111558 45
1925282 1956328 18
1739006 1770052 1
2080512 2111558 39
3260260 3291306 38
4564192 4595238 55
2297834 2328880 57
1956328 1987374 55
4005364 4036410 52
2080512 2111558 15
2049466 2080512 25
3974318 4005364 53
1956328 1987374 9
2328880 2359926 23
1273316 1304362 33
497166 528212 8
1894236 1925282 12
2080512 2111558 17
4129548 4160594 13
1304362 1335408 9
2173650 2204696 19
2732478 2763524 54
1925282 1956328 8
3912226 3943272 5
3415490 3446536 46
2111558 2142604 21
3912226 3943272 20
1987374 2018420 59
2577248 2608294 47
3974318 4005364 25
2018420 2049466 47
5091974 5123020 12
1956328 1987374 28
2080512 2111558 15
3322352 3353398 45
2546202 2577248 9
3912226 3943272 33
4005364 4036410 1
1770052 1801098 35
3974318 4005364 13
5029882 5060928 31
4408962 4440008 60
1863190 1894236 30
528212 559258 25
3136076 3167122 41
3508628 3539674 32
