1000
365308153 865308153 4313198
249543006 749543006 3614608
240976021 740976021 5640568
197139297 697139297 3475464
279248945 779248945 7539940
72915621 572915621 4384343
23696721 523696721 3736695
281748160 781748160 2188806
89424827 589424827 2407195
270887114 770887114 5875201
34596090 534596090 5553246
308620000 808620000 3586455
342743262 842743262 2625267
151562660 651562660 8542846
485220857 985220857 1441583
132949435 632949435 458828
487516708 987516708 816397
120169038 620169038 1353599
52951288 552951288 4153899
343342218 843342218 4905079
89144150 589144150 4235595
104295712 604295712 6749686
151304160 651304160 9493971
291035589 791035589 4955687
461412733 961412733 4943181
193445043 693445043 7920916
216459225 716459225 9299816
306245414 806245414 7617199
19154402 519154402 2064245
395354849 895354849 1655242
364781388 864781388 5492586
427684263 927684263 2170398
393677326 893677326 8483426
253136833 753136833 3662792
5512675 505512675 9745564
240479358 740479358 1881543
437632202 937632202 7428984
257945518 757945518 7420032
163639431 663639431 6848765
41143335 541143335 2693946
117762335 617762335 6091222
270032449 770032449 3529123
458528864 958528864 4417615
381762905 881762905 3563465
328806743 828806743 1082717
113983825 613983825 4936225
479783639 979783639 3454996
8356622 508356622 6626947
249191161 749191161 6705710
260179193 760179193 7149995
193752982 693752982 8097163
187708287 687708287 3076794
77287631 577287631 6672555
187122321 687122321 7610548
389559174 889559174 7058358
467041317 967041317 6184064
446621410 946621410 8913652
335082675 835082675 1409643
439402191 939402191 2687318
467169208 967169208 9566245
310160508 810160508 2240875
452774198 952774198 6349250
427458779 927458779 5377515
90187570 590187570 7985338
177657636 677657636 8837808
421704501 921704501 1809129
171029586 671029586 3477944
335909068 835909068 1245584
175254692 675254692 1762853
268923913 768923913 711634
476305438 976305438 3503805
47679231 547679231 8597816
125600517 625600517 9089386
395836233 895836233 6562222
116523367 616523367 2723002
147713411 647713411 3640579
225258641 725258641 1435616
483754192 983754192 9013485
79472534 579472534 7985969
332779603 832779603 4152195
430558415 930558415 381864
424879542 924879542 7439041
357162838 857162838 2487011
373833126 873833126 970375
222232457 722232457 4901412
24876628 524876628 9697178
61106061 561106061 5674578
208398325 708398325 3602210
470573001 970573001 9685237
380833603 880833603 3464234
477860455 977860455 2291005
105665019 605665019 2526244
24135638 524135638 8194427
405126493 905126493 5908962
303099466 803099466 4157093
253825711 753825711 573214
39309370 539309370 9892695
379222970 879222970 3287283
417395682 917395682 77261
70090571 570090571 3076065
331943359 831943359 8276075
59774388 559774388 7655373
154276629 654276629 1153973
268532296 768532296 7166
97517932 597517932 7494231
91315426 591315426 2432162
342227727 842227727 2422301
362505567 862505567 3973831
142026636 642026636 8236796
1773343 501773343 1246818
146514230 646514230 1752456
277942152 777942152 7145035
214521766 714521766 6291068
387313027 887313027 6035903
232350518 732350518 8874421
388502781 888502781 8077789
144980357 644980357 8050487
5923944 505923944 769066
424412662 924412662 4152998
8181559 508181559 1441165
115551792 615551792 3505102
404969829 904969829 1826259
3839647 503839647 9766429
306606063 806606063 8346412
461826290 961826290 9143971
346677333 846677333 8700844
15220379 515220379 3510297
238362141 738362141 7903691
460396626 960396626 6247127
61887312 561887312 3167845
14716562 514716562 3377116
331525883 831525883 5341115
198628123 698628123 4701129
2654128 502654128 2372977
407647598 907647598 7848422
490615554 990615554 9875598
432932948 932932948 3663772
477110796 977110796 5525887
17126488 517126488 2980858
172083691 672083691 7253139
373570120 873570120 1998001
126302783 626302783 3966464
161965752 661965752 4821528
332821423 832821423 2289501
331774334 831774334 5655208
131814498 631814498 5945638
186259511 686259511 5618688
390353542 890353542 504636
20236225 520236225 7294050
266203340 766203340 2412386
47585727 547585727 7853620
489404394 989404394 5909953
451155993 951155993 9317249
314264344 814264344 9945060
13182329 513182329 6747638
475038356 975038356 9639485
350928846 850928846 1857637
490696990 990696990 3471006
293262285 793262285 9515973
174959996 674959996 4936001
298750827 798750827 6669359
373159415 873159415 9195457
78418276 578418276 4238819
477212380 977212380 6529439
72355511 572355511 5262785
238553853 738553853 1269054
248791848 748791848 9493585
235949613 735949613 7485286
305122493 805122493 3864763
100989128 600989128 5356485
43770178 543770178 5215568
118051624 618051624 5161577
439893445 939893445 5870975
495032369 995032369 4781767
219588634 719588634 7804256
414570182 914570182 6582200
145495128 645495128 9530797
365960529 865960529 7424502
444438361 944438361 9988932
321237823 821237823 8975524
331048254 831048254 2211111
266392194 766392194 3264835
123263209 623263209 1366779
20903437 520903437 3574462
243129730 743129730 2022412
147820380 647820380 9693535
476716787 976716787 1019208
251551721 751551721 6563287
41808492 541808492 2375872
444126136 944126136 7149626
322711007 822711007 1323690
278897868 778897868 5045504
103163012 603163012 208225
214237103 714237103 5275270
260003671 760003671 4511843
26411758 526411758 7978379
41054869 541054869 890322
451963547 951963547 1157811
187637059 687637059 2403060
262449354 762449354 5228552
141983143 641983143 1789491
138700052 638700052 8825844
421877197 921877197 8363678
287315223 787315223 6763719
50737667 550737667 4584678
259110899 759110899 2652727
118520157 618520157 1175906
438149838 938149838 5272283
118553394 618553394 6844683
39431762 539431762 9607472
155535773 655535773 6199809
351277610 851277610 4714132
209751037 709751037 9148164
245553800 745553800 5222734
210141301 710141301 1319931
402069666 902069666 7826180
215534700 715534700 9163889
367862832 867862832 5228098
70177295 570177295 1761171
226693360 726693360 1395450
22461642 522461642 9462835
357661987 857661987 9042687
111204051 611204051 3582280
22694157 522694157 9696521
283051935 783051935 858860
369299064 869299064 3796276
121753195 621753195 4168028
272015921 772015921 1486848
455705268 955705268 9334012
421986186 921986186 7394514
417902527 917902527 2234833
8533719 508533719 7570674
231371794 731371794 400388
433482993 933482993 8482188
404001529 904001529 3534182
492738230 992738230 6375471
151556354 651556354 6285158
284446598 784446598 7688912
396311425 896311425 1896349
197056456 697056456 4637896
236411149 736411149 1402179
125766499 625766499 9914706
131940353 631940353 2928694
358562885 858562885 9181454
38343676 538343676 3955834
72624608 572624608 3683585
197609825 697609825 4670260
248093352 748093352 3512851
29385944 529385944 308398
164530070 664530070 4616207
83549899 583549899 4763607
342782120 842782120 5249574
370038250 870038250 1735872
332091486 832091486 1553260
448647079 948647079 3508639
327926079 827926079 4896858
204766907 704766907 9089744
100301394 600301394 8603978
412896927 912896927 3664719
340698533 840698533 7386111
28144660 528144660 344639
447190218 947190218 1105434
115422108 615422108 350054
243655509 743655509 8859045
1796606 501796606 605614
282783327 782783327 5744909
195326918 695326918 5809318
337812742 837812742 1055648
109309378 609309378 1407359
131405547 631405547 7421971
330776710 830776710 1249552
103341490 603341490 5211006
69224681 569224681 814803
51288453 551288453 646365
305821830 805821830 1925861
485227922 985227922 1366417
143765052 643765052 5571082
370893192 870893192 3496285
355803310 855803310 6347942
315400478 815400478 8243691
173478340 673478340 3278789
276347789 776347789 8668356
33500968 533500968 7475348
83158545 583158545 337883
224515018 724515018 1121637
257284459 757284459 9592707
46755933 546755933 5105071
339895394 839895394 4689012
485835479 985835479 4654220
288469565 788469565 2482506
209156597 709156597 3512378
352482634 852482634 7502982
38395573 538395573 7009051
195765851 695765851 7767691
81142490 581142490 2810932
9279556 509279556 4623650
192085099 692085099 8393265
426544990 926544990 2013559
324292404 824292404 7565152
413440775 913440775 3569177
361486403 861486403 8781745
440056608 940056608 1113982
414553964 914553964 3519165
338141581 838141581 8558972
171708870 671708870 8732604
276346553 776346553 7492305
288219948 788219948 9350029
52378639 552378639 5015837
177557181 677557181 1932338
488660866 988660866 6835683
141455453 641455453 6460497
472313350 972313350 1029900
385782834 885782834 8058548
170884884 670884884 2943843
86723367 586723367 5437642
383036970 883036970 4289049
25259884 525259884 242468
239171401 739171401 2913475
200130548 700130548 751737
453578614 953578614 8244567
26495221 526495221 5644322
473361721 973361721 771891
488403820 988403820 5161758
91915040 591915040 1880726
328982934 828982934 8556943
266563901 766563901 9597989
364095864 864095864 2869948
217754532 717754532 1310567
41696857 541696857 3250061
29921519 529921519 9106634
42456643 542456643 5484434
111320250 611320250 9500
362666629 862666629 813821
456121638 956121638 5843218
180716595 680716595 3057315
377185114 877185114 6569668
138150820 638150820 2174590
480046077 980046077 1477167
200062451 700062451 5532206
210622398 710622398 6836018
121789824 621789824 4776051
439776205 939776205 2674449
102725996 602725996 4318645
498879839 998879839 9323125
71830048 571830048 8827901
309937709 809937709 1045738
385991878 885991878 5665401
253984501 753984501 1640160
100690638 600690638 965883
298031352 798031352 8749995
96628331 596628331 4914939
212428666 712428666 8640259
218969364 718969364 9569425
354099014 854099014 7888005
410907395 910907395 4581372
363185191 863185191 3479855
145433529 645433529 4517533
228159088 728159088 2787304
362665336 862665336 3197436
379220597 879220597 3128950
426633928 926633928 328258
236339728 736339728 4375686
400156147 900156147 119486
111174941 611174941 8499751
198897288 698897288 8764129
275515134 775515134 5714383
412492763 912492763 6970049
420163607 920163607 7784661
117372292 617372292 904857
56516435 556516435 8180085
492019932 992019932 5666632
180088733 680088733 9516624
489298307 989298307 1612110
88809832 588809832 7574505
185055197 685055197 9701714
207277096 707277096 8235176
331723152 831723152 2765470
214644183 714644183 7004891
70975495 570975495 4043041
15347569 515347569 2673456
298335474 798335474 5800812
210497656 710497656 4599869
67485380 567485380 1276598
295604848 795604848 5055225
308167220 808167220 7578328
293783908 793783908 6547007
194477756 694477756 419282
350206560 850206560 4637394
181808157 681808157 6181188
311112692 811112692 6589780
155602905 655602905 4687990
495892151 995892151 4313677
49753528 549753528 3574736
449253314 949253314 5597611
462425156 962425156 6335714
364528177 864528177 497980
393548108 893548108 2895070
50163622 550163622 8906549
230086756 730086756 8881561
402681542 902681542 5974318
499410788 999410788 7740558
8750265 508750265 9226660
125780709 625780709 9383130
395996590 895996590 9479158
249155015 749155015 3180353
5729621 505729621 4584425
195799214 695799214 2243240
472280675 972280675 1903908
319156608 819156608 1575321
295439122 795439122 8574900
332363752 832363752 8836546
4146590 504146590 5291273
351383255 851383255 2180342
484293833 984293833 6481400
31750909 531750909 900778
352003415 852003415 5225143
407533908 907533908 6560761
401183635 901183635 4733667
385676438 885676438 1459617
296828873 796828873 9782653
395593922 895593922 9340804
200713929 700713929 5393897
155571867 655571867 8370472
207625067 707625067 3373038
260179241 760179241 4018871
136934661 636934661 7504057
257505334 757505334 8551808
270839798 770839798 9886041
42778065 542778065 8577524
283315999 783315999 5986628
304029903 804029903 5559338
429703013 929703013 3110481
144552517 644552517 9343323
210156081 710156081 677308
253200399 753200399 2979430
398861807 898861807 9139622
51627085 551627085 1673037
372677522 872677522 857106
25112544 525112544 7855159
381794319 881794319 6591977
127723761 627723761 5643628
343359453 843359453 4975863
448361067 948361067 7762268
84900475 584900475 8628588
282623100 782623100 4824856
342894570 842894570 1191515
288141336 788141336 9876951
445754671 945754671 4601278
148073846 648073846 7369843
339597267 839597267 3580656
188265105 688265105 4074345
207694947 707694947 8979633
18591400 518591400 3546589
369504239 869504239 5826342
431570622 931570622 8532371
57544591 557544591 9557463
39024666 539024666 6654583
478042073 978042073 5449904
94307017 594307017 1243926
352755821 852755821 5040768
305334295 805334295 9490083
214788458 714788458 7274876
151997210 651997210 748531
322590197 822590197 6853309
23761703 523761703 6270337
344649145 844649145 5607486
457385306 957385306 1588075
69555298 569555298 455647
193255443 693255443 9027443
2388257 502388257 5711077
396069236 896069236 2823806
476427051 976427051 9453431
400776420 900776420 5817881
39868730 539868730 4058914
159387534 659387534 6153455
440418058 940418058 9773911
40354787 540354787 7581908
36961757 536961757 4764264
14320660 514320660 2393149
22364664 522364664 7777038
30013337 530013337 6736838
327642404 827642404 5238374
405690028 905690028 5805483
183158574 683158574 451311
376769486 876769486 3633103
31812199 531812199 6420109
182162242 682162242 951736
266711076 766711076 6915722
330855053 830855053 3630096
71514431 571514431 7423760
331493373 831493373 3802918
150834836 650834836 2315695
158079518 658079518 6542059
480532101 980532101 1163101
78279238 578279238 2371574
137522039 637522039 8103538
194922762 694922762 7705472
75700563 575700563 2752936
12738759 512738759 3010793
305440005 805440005 2604833
473036314 973036314 8770481
355101696 855101696 2963296
30255720 530255720 5075327
485438649 985438649 5063118
351793495 851793495 6409886
141588264 641588264 6367159
453288787 953288787 4668923
367108426 867108426 8591435
394177802 894177802 2877224
119010209 619010209 9630621
43072496 543072496 3210973
187456178 687456178 6362535
72267708 572267708 6778097
340112006 840112006 6225860
409792745 909792745 2564709
64408106 564408106 3542837
405227830 905227830 2586714
28554799 528554799 8466589
212603943 712603943 157461
110327082 610327082 5207685
426982273 926982273 7956226
2128949 502128949 2562393
97475538 597475538 6580270
419885932 919885932 3018856
466244070 966244070 8765388
154708849 654708849 1218536
184225619 684225619 5208881
323111913 823111913 4736367
122251502 622251502 8532825
194029821 694029821 7810171
485339220 985339220 4595807
324719066 824719066 9345516
222271331 722271331 4437384
338392113 838392113 8668165
82280125 582280125 3813433
301919159 801919159 9215982
14502220 514502220 8773245
1284774 501284774 6501556
16414648 516414648 2613632
75253819 575253819 7746504
253958899 753958899 8204310
63811382 563811382 7591164
125978030 625978030 6098485
193998685 693998685 8330377
353010913 853010913 5877494
292705529 792705529 4282508
357173575 857173575 1757720
494505303 994505303 988932
244943327 744943327 160509
448084808 948084808 5169878
198525036 698525036 2558380
281894049 781894049 347849
417430774 917430774 4519629
220783548 720783548 3282571
477093703 977093703 268976
408153334 908153334 2305450
64046703 564046703 8106438
478105391 978105391 4315291
269440321 769440321 9504294
243788877 743788877 3168310
486668500 986668500 7045386
60976569 560976569 2656183
403052034 903052034 2044239
312003039 812003039 1858623
54245100 554245100 6962809
116478899 616478899 9636690
415944308 915944308 6013740
8295463 508295463 6227159
408470977 908470977 3278772
458521526 958521526 1761435
57549247 557549247 9979518
369221853 869221853 3265742
31419804 531419804 9767325
93829788 593829788 3166980
435709004 935709004 5277638
136077305 636077305 8933173
440109575 940109575 2651604
102624125 602624125 6686269
218154438 718154438 5226564
397640117 897640117 7362909
481284553 981284553 4718906
122014898 622014898 3591864
98285331 598285331 8801659
34704265 534704265 9710935
270227436 770227436 9332849
160381652 660381652 4248614
10453854 510453854 7748138
438556208 938556208 5646580
64624313 564624313 5728857
234340285 734340285 9078647
355338256 855338256 2627668
380654497 880654497 7119046
291583418 791583418 7948052
98918533 598918533 2386909
420678609 920678609 6282680
359288086 859288086 7257372
140840886 640840886 3547906
477395845 977395845 5951304
94042763 594042763 4328664
335828744 835828744 1703689
114323895 614323895 1995204
313950551 813950551 275946
104727654 604727654 191605
412649775 912649775 426589
335412487 835412487 9680700
184084947 684084947 5161780
420083916 920083916 5136912
329618822 829618822 4699049
141244205 641244205 4046090
78334482 578334482 8319703
248945765 748945765 1285738
90496580 590496580 1213246
235795700 735795700 1782416
344150125 844150125 3292739
340718875 840718875 2065411
486189026 986189026 1669165
107573603 607573603 7116910
459727229 959727229 8252458
114323990 614323990 1796382
418513179 918513179 7465032
200531396 700531396 240773
305496604 805496604 2993660
307498944 807498944 3413562
92591846 592591846 327198
113016225 613016225 5360631
143202402 643202402 3126379
176581570 676581570 1695130
210495614 710495614 663170
446536129 946536129 8608164
141858217 641858217 3167848
43955459 543955459 790973
471087961 971087961 802052
464497199 964497199 2584238
300416904 800416904 2944419
149740463 649740463 3937637
464389939 964389939 7622005
56171570 556171570 9355125
118227674 618227674 6582158
13025325 513025325 1361171
248407299 748407299 470118
174464597 674464597 6540442
385710520 885710520 4315609
490483238 990483238 3906824
351885828 851885828 3956264
75542367 575542367 1614975
187330169 687330169 8467575
322464388 822464388 1187781
54377901 554377901 2570061
469966683 969966683 3729860
95535288 595535288 6269463
221676143 721676143 8477835
310159287 810159287 4430244
19015313 519015313 6365643
101493325 601493325 4859306
164115537 664115537 8342746
215580957 715580957 8943808
299391369 799391369 138803
305413201 805413201 667234
6035667 506035667 4149237
436721942 936721942 3715313
85027598 585027598 3668064
438956061 938956061 5928112
102736349 602736349 8793947
280288540 780288540 626376
72202023 572202023 9766896
32531019 532531019 6792004
313282968 813282968 1339726
152731880 652731880 8366230
406327583 906327583 6697158
468238515 968238515 4849809
463896174 963896174 9873615
333394802 833394802 3141100
122900094 622900094 6234115
462960750 962960750 2198341
224469000 724469000 8834591
123602933 623602933 1699868
323484940 823484940 6741127
341978838 841978838 6073044
227820110 727820110 7282623
61289448 561289448 4545589
493399764 993399764 3875443
371168131 871168131 3726189
117666921 617666921 5238512
366291461 866291461 7076362
282324254 782324254 1310505
76554062 576554062 8396289
252942276 752942276 399795
273037124 773037124 4369451
213064818 713064818 2755785
34856784 534856784 7126210
327979013 827979013 8331464
142501344 642501344 6389993
28063387 528063387 8691892
71782115 571782115 600737
122897687 622897687 6150322
100083792 600083792 2995413
213656737 713656737 4316684
348230815 848230815 7423823
206099235 706099235 4312752
352053070 852053070 66112
111663308 611663308 4588593
299803485 799803485 1731260
248970897 748970897 9119300
193558226 693558226 8375483
66151079 566151079 4696261
115868470 615868470 5935258
228011787 728011787 2832304
174513431 674513431 7819032
274842106 774842106 556200
393782404 893782404 8220889
193449337 693449337 2807539
245768340 745768340 9054567
122268878 622268878 9713275
23482335 523482335 8631852
79623172 579623172 2176463
139749379 639749379 3606264
102730348 602730348 8726432
8391712 508391712 443905
79995671 579995671 6730564
202274909 702274909 1642590
88899164 588899164 2159927
378781537 878781537 4234380
314681176 814681176 5964821
180219610 680219610 734185
492194153 992194153 5343649
447387130 947387130 7553340
231569075 731569075 2422722
297716468 797716468 7868331
41437851 541437851 4969600
387896196 887896196 2828994
313164366 813164366 267915
401751396 901751396 676595
435557691 935557691 2992693
203226840 703226840 240785
6388373 506388373 7470451
226303011 726303011 4797268
169060306 669060306 2421855
198003983 698003983 7372760
434700846 934700846 755257
197918826 697918826 2437149
221091113 721091113 8918753
201403011 701403011 1140744
209132037 709132037 3469151
21581745 521581745 8379361
406633289 906633289 2577372
241247436 741247436 9896532
276906304 776906304 1417894
244524466 744524466 1771248
453860475 953860475 1263152
409060548 909060548 1938218
391212363 891212363 5963151
223183718 723183718 6347227
31594056 531594056 6858110
462520450 962520450 1786174
87018445 587018445 3270107
300200198 800200198 3002227
258184313 758184313 4761128
382155617 882155617 4498687
392598959 892598959 2888843
96898826 596898826 313034
381296663 881296663 2001614
350051833 850051833 9391519
59861275 559861275 4284383
242774572 742774572 7789615
44648811 544648811 2466257
387783972 887783972 7164686
176137593 676137593 2527706
97161573 597161573 319413
474010622 974010622 7432403
316100345 816100345 418558
304787827 804787827 8871355
160031214 660031214 8180012
495943577 995943577 4045620
323900115 823900115 1191008
13110257 513110257 1865988
318981439 818981439 5037093
171883589 671883589 1717142
293081162 793081162 4565861
77210397 577210397 4709239
5846034 505846034 7703025
109724491 609724491 2670553
465490744 965490744 7837053
47149920 547149920 6691987
159588960 659588960 8804641
344135220 844135220 4357278
459708085 959708085 9388249
370585186 870585186 4412570
292196194 792196194 2557958
426095817 926095817 5848519
372396314 872396314 9598188
435517452 935517452 5670925
321908625 821908625 3992626
47051539 547051539 9078004
471509248 971509248 1623780
237452168 737452168 7140268
462089637 962089637 5546484
174426715 674426715 6135047
7601473 507601473 7056821
335594559 835594559 7049466
26065816 526065816 1045983
144401962 644401962 2036640
91162356 591162356 2860686
199887577 699887577 1803830
146054307 646054307 4619715
110368585 610368585 7131936
410050676 910050676 9498977
202391359 702391359 4688099
329687102 829687102 3337009
243699394 743699394 6716457
409681754 909681754 466655
365973403 865973403 5383104
410197284 910197284 3148410
450569692 950569692 6600347
219700605 719700605 8551288
103607638 603607638 9710159
20048204 520048204 210351
64288801 564288801 7401880
37777656 537777656 4782429
405039640 905039640 8510033
24897264 524897264 8394658
7072090 507072090 2471295
299274275 799274275 3397505
195521995 695521995 3907399
13917576 513917576 3236579
245414800 745414800 2438004
433699992 933699992 3597843
7321495 507321495 3409010
83474383 583474383 7797314
119032333 619032333 3593557
247415854 747415854 3216773
334989029 834989029 2968275
96657852 596657852 8119122
410767448 910767448 725958
442170112 942170112 9396103
308893280 808893280 1272235
125367689 625367689 9640547
443349051 943349051 5354533
33267046 533267046 8354699
392934638 892934638 173562
421813678 921813678 2670726
78997184 578997184 5594773
377118202 877118202 459330
467329722 967329722 6973187
71013350 571013350 3530637
73184046 573184046 4193398
313336212 813336212 3169692
326145325 826145325 6231877
346325800 846325800 6503559
104587023 604587023 3223914
243205965 743205965 6944459
399701487 899701487 2570498
211113902 711113902 2173127
191978541 691978541 1431249
319018366 819018366 2186943
130424810 630424810 5068347
46432497 546432497 2190300
117005967 617005967 7006156
81164480 581164480 2487850
111933254 611933254 8785073
482444713 982444713 303001
216981119 716981119 3067197
156604141 656604141 2456061
441909101 941909101 9239781
72244945 572244945 1644430
326300807 826300807 3887428
17575709 517575709 4860265
163382535 663382535 8254616
312051872 812051872 3499917
86900078 586900078 612931
92967594 592967594 5015006
419889150 919889150 2391243
285882256 785882256 5255973
145150014 645150014 1619034
239637035 739637035 8065806
194161274 694161274 605374
473664601 973664601 9894440
206886209 706886209 891626
129163387 629163387 7585641
116442085 616442085 703988
50436086 550436086 1012776
207482110 707482110 873365
326506162 826506162 3440033
284116712 784116712 9971500
383400606 883400606 2020981
452224320 952224320 361915
239128361 739128361 5871271
59610986 559610986 7062120
464288459 964288459 6059679
115571470 615571470 992638
448389498 948389498 6127019
35904919 535904919 7867497
156845109 656845109 4726009
16312243 516312243 3523262
145895293 645895293 1753631
278379478 778379478 3491120
341296599 841296599 2706196
461687990 961687990 9583004
460931147 960931147 6550451
251995856 751995856 1667838
194913768 694913768 6375871
126316258 626316258 7111930
59559998 559559998 8741978
493261423 993261423 2188628
259812834 759812834 9361420
97187134 597187134 2493048
201476589 701476589 2170307
137826267 637826267 7804531
441154685 941154685 8574157
162478869 662478869 5622647
150705459 650705459 1474911
476931710 976931710 8197083
9439924 509439924 2264978
85775599 585775599 8669977
183649577 683649577 3266656
258108673 758108673 2823247
9497022 509497022 3898539
285808276 785808276 484158
387494182 887494182 423863
349832268 849832268 2392014
235719957 735719957 9620779
39960079 539960079 2326920
54674885 554674885 938132
479680648 979680648 2760602
252355186 752355186 514786
115088039 615088039 4430039
376690398 876690398 836074
338661151 838661151 1789493
401661902 901661902 1746274
130508519 630508519 6870093
14722698 514722698 2422631
407187898 907187898 4983262
157890401 657890401 5410298
40479639 540479639 9009610
423569955 923569955 4606975
47896385 547896385 1413911
163842213 663842213 6027581
345920703 845920703 2650479
422177345 922177345 3352545
319751645 819751645 8852512
469038419 969038419 1854330
393462954 893462954 8326429
437422781 937422781 2291198
491563768 991563768 2627964
220493411 720493411 1477188
22996448 522996448 1664502
44428464 544428464 9760904
247375675 747375675 4579179
117250576 617250576 6430443
126664745 626664745 9534299
43448948 543448948 6018160
115444878 615444878 5547373
241097169 741097169 510080
447987600 947987600 6688748
319504544 819504544 9425127
126221851 626221851 9895364
277346912 777346912 8058453
390870621 890870621 1480458
436755984 936755984 6238557
122324554 622324554 4169586
317229749 817229749 5284985
250379545 750379545 8935382
332250586 832250586 8256004
73867972 573867972 9874358
335611403 835611403 8316734
337326476 837326476 8130738
448155993 948155993 4725708
343855476 843855476 433170
496861913 996861913 3440566
465341633 965341633 5169599
380738597 880738597 8331624
70652800 570652800 4819527
455961049 955961049 7250097
346018560 846018560 6636380
240597527 740597527 2299846
55723860 555723860 9379670
96158212 596158212 1192256
363643602 863643602 6430509
285222984 785222984 3883930
128448662 628448662 3109119
205468562 705468562 5888948
235490048 735490048 4510224
63135250 563135250 9738707
438404657 938404657 5684293
259712253 759712253 6454430
492417427 992417427 6183720
76889869 576889869 3271842
170413646 670413646 8317288
283096830 783096830 6435280
477407699 977407699 431189
225912594 725912594 2993018
472180053 972180053 9500264
117174158 617174158 5589209
111596363 611596363 4934713
312103227 812103227 6298250
396665072 896665072 8444295
147943398 647943398 1254924
129061827 629061827 2320052
7658976 507658976 7991747
456659207 956659207 5395398
215602814 715602814 8307449
