1000
1 2 5107571
1 2 7544245
1 2 3187393
1 2 4477837
1 2 855953
1 2 2848590
1 2 1444271
1 2 9522635
1 2 5434033
1 2 8255682
1 2 911943
1 2 6887495
1 2 1075013
1 2 3138544
1 2 1952238
1 2 2689730
1 2 4428291
1 2 7814748
1 2 9866893
1 2 5321827
1 2 2211431
1 2 5797294
1 2 4787727
1 2 171442
1 2 2856494
1 2 5923247
1 2 1553765
1 2 6209565
1 2 4128986
1 2 406993
1 2 3781763
1 2 5016052
1 2 8601267
1 2 4064295
1 2 4720739
1 2 8897775
1 2 3295554
1 2 9904998
1 2 4921599
1 2 9771045
1 2 1755350
1 2 9490284
1 2 9233497
1 2 8338965
1 2 4990593
1 2 164664
1 2 9359477
1 2 7488159
1 2 1323802
1 2 7330284
1 2 4671835
1 2 177545
1 2 3442235
1 2 6863952
1 2 7724952
1 2 4125436
1 2 1332546
1 2 7583568
1 2 9095740
1 2 8337031
1 2 1768402
1 2 2834299
1 2 517596
1 2 3810329
1 2 610768
1 2 4938629
1 2 4937615
1 2 692361
1 2 2179177
1 2 8858435
1 2 5457010
1 2 9261200
1 2 1060745
1 2 8808115
1 2 3317030
1 2 9790027
1 2 38244
1 2 72564
1 2 1942862
1 2 1113019
1 2 8896879
1 2 6437064
1 2 8596757
1 2 3081799
1 2 5071205
1 2 362392
1 2 9144100
1 2 4761783
1 2 7257412
1 2 6706158
1 2 5786542
1 2 8118969
1 2 397007
1 2 7244922
1 2 5980774
1 2 4157406
1 2 5728524
1 2 2685967
1 2 5378565
1 2 1252891
1 2 5717958
1 2 3450533
1 2 323399
1 2 296011
1 2 1916683
1 2 7572183
1 2 4498413
1 2 6250921
1 2 2075052
1 2 4285540
1 2 3870266
1 2 3490648
1 2 1447874
1 2 3669297
1 2 527224
1 2 6814814
1 2 2766501
1 2 88643
1 2 7533554
1 2 3789986
1 2 2372341
1 2 2156359
1 2 2199802
1 2 3541876
1 2 4097427
1 2 8312204
1 2 1256035
1 2 4775299
1 2 2182055
1 2 5448453
1 2 2218501
1 2 8564198
1 2 2060186
1 2 2269514
1 2 887102
1 2 5770774
1 2 8396314
1 2 9322518
1 2 1002350
1 2 7626096
1 2 8699547
1 2 3346505
1 2 2604536
1 2 5630902
1 2 338771
1 2 3911909
1 2 814533
1 2 9974156
1 2 8255932
1 2 1843987
1 2 7636803
1 2 6320381
1 2 7297684
1 2 1196189
1 2 3708000
1 2 8685686
1 2 8655325
1 2 3260275
1 2 9701394
1 2 6431048
1 2 3242719
1 2 8317096
1 2 2212816
1 2 9986089
1 2 7441827
1 2 7340660
1 2 7168920
1 2 6333105
1 2 6296056
1 2 3954738
1 2 4448489
1 2 7492191
1 2 365297
1 2 164578
1 2 1229000
1 2 1760787
1 2 830435
1 2 3739174
1 2 9098301
1 2 5053843
1 2 7817321
1 2 1403079
1 2 3141717
1 2 8480521
1 2 8542433
1 2 3206447
1 2 7389088
1 2 9471617
1 2 726382
1 2 1758190
1 2 3805363
1 2 9124590
1 2 1546614
1 2 4944439
1 2 4995749
1 2 6980004
1 2 8961187
1 2 8807394
1 2 2974867
1 2 1956573
1 2 8203237
1 2 2809578
1 2 3143966
1 2 8802742
1 2 5751788
1 2 5468527
1 2 6279658
1 2 7997105
1 2 7952945
1 2 968883
1 2 7776031
1 2 4926131
1 2 1957612
1 2 6865439
1 2 4549482
1 2 743941
1 2 5060636
1 2 7252797
1 2 2868091
1 2 8926549
1 2 2911876
1 2 3441341
1 2 9615494
1 2 7343540
1 2 141227
1 2 7237618
1 2 8804676
1 2 3532695
1 2 8049370
1 2 3164372
1 2 9343346
1 2 2753113
1 2 5934111
1 2 2246655
1 2 2690382
1 2 1734326
1 2 3809870
1 2 2237360
1 2 9657375
1 2 2969039
1 2 3765629
1 2 675917
1 2 3861164
1 2 1787050
1 2 9288581
1 2 1752027
1 2 7571521
1 2 165937
1 2 2243590
1 2 4427655
1 2 8357296
1 2 3615280
1 2 2703841
1 2 7069984
1 2 769740
1 2 7342810
1 2 1491134
1 2 8986394
1 2 2869486
1 2 5885251
1 2 7602694
1 2 8482699
1 2 9636082
1 2 2319333
1 2 4025064
1 2 3021615
1 2 5437112
1 2 5224989
1 2 3878102
1 2 5516262
1 2 2228390
1 2 6203565
1 2 7842055
1 2 8398898
1 2 2805282
1 2 3733946
1 2 946677
1 2 7896124
1 2 6514587
1 2 4191053
1 2 909662
1 2 2408398
1 2 893055
1 2 9000660
1 2 4417221
1 2 7315032
1 2 6768964
1 2 6177952
1 2 3718511
1 2 9404910
1 2 8270050
1 2 4478439
1 2 6132841
1 2 7066182
1 2 4043220
1 2 2579649
1 2 2915711
1 2 660540
1 2 9960221
1 2 4084781
1 2 2786500
1 2 1779408
1 2 94271
1 2 9357580
1 2 4368912
1 2 1604516
1 2 582723
1 2 2970658
1 2 237051
1 2 8065921
1 2 1932598
1 2 7503514
1 2 7966308
1 2 7890257
1 2 8844841
1 2 4677632
1 2 1722094
1 2 5871268
1 2 2146222
1 2 4823239
1 2 213631
1 2 6215598
1 2 482016
1 2 5061955
1 2 4794050
1 2 5422021
1 2 7761753
1 2 2130222
1 2 7437732
1 2 2877669
1 2 1573691
1 2 499109
1 2 615129
1 2 3491374
1 2 7522218
1 2 563114
1 2 3366614
1 2 3433570
1 2 7412302
1 2 8158114
1 2 6131031
1 2 3339242
1 2 4434516
1 2 1668439
1 2 79960
1 2 3900240
1 2 5678444
1 2 6286581
1 2 4321310
1 2 6928324
1 2 5082443
1 2 2973326
1 2 5527469
1 2 6430490
1 2 4405288
1 2 6090519
1 2 5321297
1 2 7718088
1 2 7380416
1 2 1504875
1 2 9766680
1 2 5979754
1 2 624340
1 2 2454086
1 2 1459796
1 2 4303680
1 2 454568
1 2 3644105
1 2 7117979
1 2 9620781
1 2 3947524
1 2 2075387
1 2 3127241
1 2 6975543
1 2 6759348
1 2 349892
1 2 2957819
1 2 8904588
1 2 8494986
1 2 67697
1 2 6769556
1 2 2576249
1 2 1064281
1 2 5939893
1 2 3919545
1 2 1812594
1 2 3061114
1 2 3228708
1 2 9460567
1 2 45968
1 2 8387913
1 2 587192
1 2 8655898
1 2 7281420
1 2 3869479
1 2 3289935
1 2 4949493
1 2 8230855
1 2 2456439
1 2 3771689
1 2 1741471
1 2 5571011
1 2 1411235
1 2 4126700
1 2 4975634
1 2 5639337
1 2 3926807
1 2 5103393
1 2 7743116
1 2 9946947
1 2 6534850
1 2 9515062
1 2 3766032
1 2 9787521
1 2 1922586
1 2 4007292
1 2 6696164
1 2 6126071
1 2 2328599
1 2 2576041
1 2 9914898
1 2 4296283
1 2 1013685
1 2 480854
1 2 6489194
1 2 1474442
1 2 2867572
1 2 1623168
1 2 7369468
1 2 4111361
1 2 3414362
1 2 6842120
1 2 3197088
1 2 3823206
1 2 2395757
1 2 3261749
1 2 9475569
1 2 3428607
1 2 8390331
1 2 6427694
1 2 3118027
1 2 9740471
1 2 9233237
1 2 4872707
1 2 9648466
1 2 951070
1 2 4674637
1 2 5994276
1 2 853997
1 2 506600
1 2 3817534
1 2 435814
1 2 4977988
1 2 7746411
1 2 8411075
1 2 9219203
1 2 8610504
1 2 7858724
1 2 4424060
1 2 5524121
1 2 2634538
1 2 804145
1 2 6798734
1 2 3882664
1 2 4445920
1 2 2824405
1 2 5103137
1 2 256150
1 2 7776678
1 2 3712505
1 2 1311074
1 2 7602604
1 2 1663864
1 2 224039
1 2 5338369
1 2 1164184
1 2 9328027
1 2 9020944
1 2 4799027
1 2 3163628
1 2 5038099
1 2 5129989
1 2 204975
1 2 5930652
1 2 5556653
1 2 648960
1 2 7495731
1 2 9534721
1 2 5887988
1 2 6157978
1 2 5264126
1 2 1764186
1 2 8344382
1 2 1432468
1 2 1375060
1 2 1809736
1 2 6514334
1 2 6962641
1 2 5137792
1 2 5634127
1 2 2572529
1 2 8218071
1 2 3736139
1 2 1831386
1 2 3409620
1 2 6254036
1 2 740488
1 2 701238
1 2 6342442
1 2 4145685
1 2 5556619
1 2 6693268
1 2 8925849
1 2 5705871
1 2 3367339
1 2 1628297
1 2 4106251
1 2 2353752
1 2 6327749
1 2 145423
1 2 8980655
1 2 5070253
1 2 6070330
1 2 5817604
1 2 7179640
1 2 8479979
1 2 5453805
1 2 7094440
1 2 3890331
1 2 1426840
1 2 4169928
1 2 6372129
1 2 8524819
1 2 2782042
1 2 5338679
1 2 1141625
1 2 1199646
1 2 7976572
1 2 7363497
1 2 1848988
1 2 4844095
1 2 4842223
1 2 6585365
1 2 7223388
1 2 9663676
1 2 8163653
1 2 9369072
1 2 5683183
1 2 6081056
1 2 8104757
1 2 783801
1 2 6667758
1 2 4877240
1 2 7091099
1 2 7278704
1 2 1349462
1 2 2917400
1 2 2326903
1 2 2450328
1 2 1840648
1 2 3733525
1 2 8456428
1 2 7244347
1 2 5197003
1 2 6033867
1 2 7304001
1 2 7167844
1 2 8076871
1 2 4459286
1 2 3652833
1 2 6253221
1 2 7886858
1 2 2464026
1 2 7315549
1 2 2163345
1 2 7652229
1 2 5865662
1 2 7282919
1 2 1522240
1 2 6502413
1 2 109611
1 2 4935510
1 2 2548816
1 2 4469981
1 2 8019408
1 2 7024295
1 2 7791712
1 2 3795088
1 2 1353311
1 2 2380791
1 2 5034262
1 2 7037225
1 2 3700174
1 2 4578700
1 2 6053784
1 2 1455885
1 2 5572185
1 2 6878796
1 2 6353428
1 2 244486
1 2 9508989
1 2 3925315
1 2 1723579
1 2 3492032
1 2 7045500
1 2 3942303
1 2 1440703
1 2 7746254
1 2 8347358
1 2 5302965
1 2 316891
1 2 6132004
1 2 8583404
1 2 4355707
1 2 8735305
1 2 4778907
1 2 306357
1 2 3031182
1 2 744011
1 2 1162867
1 2 1763083
1 2 5572908
1 2 6523173
1 2 4212938
1 2 1575941
1 2 3518777
1 2 993184
1 2 131880
1 2 1681533
1 2 177980
1 2 1732870
1 2 1070709
1 2 8257425
1 2 8290912
1 2 3966122
1 2 5298175
1 2 4757796
1 2 1210230
1 2 355168
1 2 1036791
1 2 149596
1 2 5480687
1 2 7538559
1 2 5406322
1 2 7867300
1 2 1908581
1 2 6222564
1 2 6540779
1 2 7281065
1 2 3761169
1 2 6703984
1 2 2298429
1 2 7341150
1 2 1781332
1 2 9268359
1 2 3172523
1 2 9574523
1 2 9336113
1 2 589073
1 2 3061851
1 2 7976696
1 2 2289487
1 2 9044091
1 2 5219668
1 2 3900948
1 2 9533050
1 2 8516149
1 2 7391110
1 2 1388498
1 2 3330208
1 2 1637427
1 2 684352
1 2 2013049
1 2 6146134
1 2 9463406
1 2 5893433
1 2 9689233
1 2 6522579
1 2 2142434
1 2 7268746
1 2 4346859
1 2 4141809
1 2 109712
1 2 7395504
1 2 7724824
1 2 2497969
1 2 6331003
1 2 8523149
1 2 2202478
1 2 1838006
1 2 7014829
1 2 2692838
1 2 150024
1 2 2676295
1 2 3474482
1 2 9247972
1 2 9208133
1 2 1313360
1 2 8121881
1 2 7570453
1 2 6094791
1 2 5434975
1 2 8046200
1 2 5055722
1 2 7021427
1 2 3917225
1 2 7071079
1 2 682040
1 2 31093
1 2 3655813
1 2 6193666
1 2 1382074
1 2 1905211
1 2 4403309
1 2 2505577
1 2 1710859
1 2 3276919
1 2 1949826
1 2 5187905
1 2 3248943
1 2 5821856
1 2 6572679
1 2 1349043
1 2 9460617
1 2 1393264
1 2 1794659
1 2 2763498
1 2 6031204
1 2 2114021
1 2 6004130
1 2 3273240
1 2 3067116
1 2 2660673
1 2 7604466
1 2 2202991
1 2 4071732
1 2 6554764
1 2 3327400
1 2 9139370
1 2 5782704
1 2 6613776
1 2 5131195
1 2 2321156
1 2 9542586
1 2 1663322
1 2 3974598
1 2 8817085
1 2 110607
1 2 8088637
1 2 9609992
1 2 3452570
1 2 4945489
1 2 7951184
1 2 9950821
1 2 9513571
1 2 3652100
1 2 5946221
1 2 951524
1 2 9473894
1 2 7251860
1 2 4679602
1 2 7726000
1 2 4035953
1 2 4915660
1 2 7615490
1 2 7520410
1 2 8078169
1 2 6099166
1 2 9547267
1 2 4075796
1 2 2169847
1 2 2425823
1 2 7304608
1 2 7470005
1 2 995240
1 2 3215306
1 2 7026438
1 2 1248186
1 2 5328203
1 2 7581051
1 2 4105769
1 2 7414273
1 2 8279109
1 2 8401843
1 2 5966398
1 2 8699278
1 2 1567358
1 2 8869784
1 2 8810945
1 2 7220232
1 2 1586019
1 2 632756
1 2 8141934
1 2 1429819
1 2 4298212
1 2 1172979
1 2 1899721
1 2 3756054
1 2 2836341
1 2 7119656
1 2 8667161
1 2 755372
1 2 4157455
1 2 7208711
1 2 2796263
1 2 6794804
1 2 664366
1 2 3652266
1 2 4090241
1 2 3309963
1 2 384083
1 2 7175310
1 2 9063803
1 2 7143727
1 2 3145986
1 2 7729429
1 2 9797419
1 2 559428
1 2 7997123
1 2 9989508
1 2 9335466
1 2 9706129
1 2 7398691
1 2 4328453
1 2 1591128
1 2 9530882
1 2 17713
1 2 167332
1 2 9144663
1 2 5095846
1 2 7456003
1 2 8740179
1 2 9539469
1 2 6642096
1 2 7780913
1 2 4036199
1 2 5044516
1 2 6810359
1 2 5228247
1 2 5007515
1 2 2829451
1 2 8711928
1 2 4449174
1 2 5456395
1 2 6644084
1 2 1354449
1 2 5174417
1 2 9684408
1 2 8256342
1 2 3318086
1 2 9555314
1 2 3642633
1 2 1280619
1 2 8507198
1 2 1513572
1 2 8194117
1 2 3036209
1 2 1203141
1 2 2405657
1 2 7883292
1 2 6481259
1 2 8313738
1 2 8483908
1 2 7588510
1 2 1993631
1 2 2103520
1 2 6710941
1 2 624704
1 2 4178839
1 2 8447295
1 2 427490
1 2 5728732
1 2 2326626
1 2 3745729
1 2 8981331
1 2 1375663
1 2 7865171
1 2 7364520
1 2 2390835
1 2 9066075
1 2 872319
1 2 5928661
1 2 7782475
1 2 8511461
1 2 6434113
1 2 748368
1 2 6396393
1 2 2595382
1 2 1739319
1 2 9184069
1 2 7236443
1 2 8072092
1 2 9283909
1 2 6304130
1 2 4292214
1 2 8195273
1 2 3387151
1 2 2558972
1 2 7415700
1 2 9254096
1 2 8511872
1 2 3868234
1 2 6188303
1 2 5324717
1 2 1729480
1 2 5437223
1 2 1235402
1 2 2260028
1 2 2170840
1 2 7770482
1 2 7332135
1 2 2966334
1 2 7741414
1 2 1642927
1 2 5263247
1 2 6486362
1 2 4581614
1 2 6272645
1 2 6149743
1 2 7052312
1 2 601132
1 2 9290688
1 2 2646327
1 2 7677157
1 2 6019493
1 2 6857423
1 2 424667
1 2 1779860
1 2 6966685
1 2 3749445
1 2 4415829
1 2 3997913
1 2 4714784
1 2 90970
1 2 7818271
1 2 563150
1 2 1766524
1 2 6505193
1 2 5031355
1 2 670321
1 2 8282051
1 2 3693937
1 2 3759277
1 2 1684258
1 2 3446988
1 2 5348886
1 2 889469
1 2 235815
1 2 6385200
1 2 6697503
1 2 4169656
1 2 6197801
1 2 3165647
1 2 2413560
1 2 7380461
1 2 8263990
1 2 7998283
1 2 1012784
1 2 7869107
1 2 9359040
1 2 8012810
1 2 9275002
1 2 3853088
1 2 1328282
1 2 4309814
1 2 8949678
1 2 3927889
1 2 7880320
1 2 8716990
1 2 4128967
1 2 3981414
1 2 6927502
1 2 5754197
1 2 5907556
1 2 9078533
1 2 6754118
1 2 949744
1 2 6415305
1 2 5566933
1 2 1224844
1 2 4473034
1 2 6547294
1 2 7074818
1 2 4895147
1 2 4508769
1 2 3171116
1 2 9976510
1 2 6377936
1 2 9281272
1 2 1546469
1 2 6841404
1 2 6170380
1 2 8039573
1 2 9456475
1 2 3738293
1 2 6671188
1 2 3161218
1 2 3926918
1 2 2180325
1 2 4258946
