1000
72 100 2670517
3 97 7931154
31 48 2885981
14 87 1897071
36 43 2336258
18 95 8237869
24 77 219181
3 63 9283290
46 47 4667877
3 54 8416946
10 97 8702564
76 100 1222524
17 88 3310869
4 61 2858150
16 94 5563218
11 20 5419172
1 100 9088604
19 75 5707398
32 97 78490
58 91 6633689
17 93 4858390
21 88 7651392
47 91 4199862
3 97 8394450
2 99 5807671
34 84 4894134
55 76 9342191
25 77 9136893
65 99 67396
14 83 7890496
9 99 1108712
62 100 6318459
9 31 5932119
10 100 9100713
45 71 8892819
18 93 7061152
28 80 5367326
27 45 5348783
26 46 1241912
4 13 4293622
24 38 1563226
18 69 3977733
66 90 3439475
6 38 5594040
12 56 4824162
83 86 2818770
55 95 4002356
1 59 9936217
11 76 1352479
86 89 7230898
37 74 5911487
9 22 7421
22 96 2242960
38 84 9004722
78 94 1550252
49 86 8293116
43 61 5906630
6 71 7386966
68 89 1601894
42 79 1917541
52 68 8263143
42 99 8217109
15 82 9754158
11 95 6237942
15 89 9543724
10 72 846553
41 87 8048791
2 81 2723495
24 55 6387557
62 74 5186818
63 73 5999370
21 53 3051550
27 49 5423474
8 88 3282914
59 63 5029953
81 84 1870778
18 37 1775434
57 92 3733824
44 59 4463310
30 67 4650123
15 58 3757942
9 51 5005399
20 36 4251411
4 77 4910550
17 34 2031765
16 100 6590806
13 99 3180745
5 12 685460
16 85 8507736
19 94 109151
5 83 8212988
22 81 1549425
41 90 1679876
4 87 3680267
30 83 5892619
36 80 8498895
6 59 5027317
5 87 3287010
12 97 9585195
5 63 2585923
25 57 9355416
41 83 1582182
62 99 9398115
26 100 2207381
15 94 4263662
15 89 3697671
36 55 4459535
3 86 3303490
17 97 9362061
2 41 1283118
21 94 6185439
27 84 7818491
19 48 7157793
28 100 7512757
50 60 4695127
2 97 6044069
2 52 3205989
52 86 6637674
18 92 9922254
65 77 1027161
55 75 9129645
3 86 351250
2 98 3697265
65 89 9765347
13 99 8463709
77 95 6476386
1 98 5323584
11 88 6580293
7 92 6406513
45 92 1113989
9 99 4139278
10 82 6477876
9 100 1803253
5 100 2699931
5 89 6558851
13 88 6420376
36 45 8237068
5 39 2621366
5 26 4648860
64 93 9464462
5 88 5206380
11 64 6160990
6 80 998823
34 86 1939431
70 84 9098334
48 53 2255244
73 87 9894985
2 97 1475496
13 84 8272064
10 94 8633392
51 92 6924282
73 88 8222730
2 100 7417477
28 72 39725
13 89 1358214
70 81 7660410
36 82 9714738
18 82 2910682
32 82 1472012
6 95 954393
33 84 1870944
56 95 624641
6 32 7709056
96 97 8467514
26 86 8856766
14 93 3425122
32 85 9394603
13 42 8091240
29 96 6056206
16 67 4329391
1 100 1815592
30 47 9902048
58 64 651430
29 85 5636495
40 100 1707110
23 41 4870673
34 98 6820847
20 84 4422941
23 51 4271915
19 38 7880993
11 18 8804967
22 55 9879656
21 44 790029
63 84 4480746
64 95 7233825
12 95 7850866
26 100 5522169
8 93 4109559
2 95 4230977
19 98 4813748
24 46 5365167
21 93 8817545
13 87 2825218
21 32 561942
11 85 3991874
20 95 8389270
85 100 4040883
4 52 9314938
76 90 8831130
67 94 831430
16 89 930356
10 31 2709424
43 48 5743347
4 81 2218359
2 81 4651259
70 78 4634881
7 30 8036957
2 99 7758776
2 40 7124371
62 74 9781414
7 53 6981052
1 72 2821328
82 94 6750361
51 81 5486672
81 90 3259976
58 94 2151734
23 95 1077183
1 74 3541024
9 73 8172300
17 66 5172888
6 46 2068300
2 51 8772142
68 82 7293033
14 99 6259159
21 61 4943768
24 32 5358341
31 95 6510610
20 80 5335559
39 61 1596690
6 62 4691491
18 95 5490704
13 39 9230705
82 87 966076
50 100 3881083
26 45 9828797
1 98 5184403
7 61 779051
75 94 8220148
56 92 9378635
26 90 2253597
7 99 5387658
24 72 2860394
77 88 2131132
9 47 19059
50 96 4446998
21 50 1859370
16 55 7807594
62 85 1311152
4 44 5875874
15 39 2272120
13 84 6635774
6 63 8734623
2 48 2932114
8 56 2612746
34 80 1651963
29 100 2551234
13 91 8978273
27 82 5628429
36 93 6468402
94 95 4700493
12 93 3251869
11 92 1274013
36 66 6910157
13 96 3122730
5 53 6162664
45 67 8388047
15 68 7819463
4 97 6913524
28 61 5349111
2 86 6585897
8 52 6947440
36 54 6926462
47 99 238101
18 61 4325286
59 80 369900
1 94 7211340
6 91 6160159
21 53 8203317
22 90 8955699
35 46 8103575
14 98 1129095
12 56 7239352
49 59 9094416
76 98 9611339
9 62 6341715
28 32 9248008
4 87 9224099
9 96 3370506
1 74 6179741
35 95 5961838
32 68 9676258
65 99 6281512
34 52 6109715
8 73 946985
14 30 8133650
58 83 752943
10 100 8777591
4 96 8296812
11 87 3452240
15 98 3291739
60 77 3679902
33 45 7643103
36 63 6307213
66 72 962973
16 81 1324274
46 74 611483
57 97 9965195
27 32 5462554
19 91 8068978
22 98 9023153
7 35 8715747
50 79 3187371
46 61 982959
17 32 3457314
30 63 8044928
42 100 2750045
2 64 3996752
30 86 7774950
32 36 1920548
4 5 4800752
12 74 7464077
1 99 5577064
74 90 9414880
34 97 1106009
14 76 8300980
6 58 39302
25 85 5142686
2 100 8681666
24 37 357033
2 97 5292691
2 35 6133273
32 71 5934087
2 97 4759776
1 83 3316310
29 66 8086112
1 83 4999609
12 59 463203
94 95 4817546
26 62 8752473
28 97 2794909
23 47 152529
74 98 5140319
60 76 4785594
1 60 3096236
29 39 2014171
10 71 2659957
19 90 5391504
12 43 3464851
16 89 4687047
29 44 3411046
35 97 4446523
6 85 786610
23 75 1045743
26 44 6401595
62 63 9513582
7 59 4656671
1 97 2449729
4 10 6445428
1 77 9232177
39 59 6080034
66 94 1617854
2 98 2393219
73 98 7811296
6 96 9935288
17 100 2512381
30 37 755918
40 60 2842539
60 85 3954835
69 86 9120936
21 38 1341874
3 99 4218646
58 85 3073558
27 69 151931
53 100 2730493
47 99 3845369
1 99 9484891
11 45 9477066
55 81 4744306
4 94 5936384
2 98 6403375
31 48 2810362
1 98 7918279
7 83 9789609
4 84 2707986
21 95 937861
31 74 8662696
5 59 350795
22 92 4050746
56 91 1294841
28 72 4322611
27 82 4802955
46 66 3378959
11 89 9704695
1 93 2074492
55 100 1871079
61 76 3654703
4 89 8951350
76 94 4085128
68 99 5045677
25 56 5109993
31 100 4431359
7 95 8156116
90 92 956291
29 93 9163204
7 60 6514353
20 56 3414221
2 51 4304479
1 100 6833399
65 89 5948989
19 64 3607000
30 43 8306190
2 20 6458352
7 98 7831465
2 42 4093001
27 73 915247
10 77 2611664
59 93 3775374
6 67 9063278
7 75 8089015
4 68 5945451
59 87 989980
24 41 5896836
8 91 529005
36 52 5890122
9 29 7910803
12 78 7888830
10 96 4490605
86 93 4773931
29 32 1601738
10 74 287555
39 43 8102567
1 100 8341117
1 100 1165354
26 96 636078
25 51 273503
60 86 8800615
20 50 7418162
61 83 7717519
23 77 2736172
39 79 9481280
1 97 7934706
16 30 4608486
2 100 2165116
18 96 485014
3 92 6844818
68 83 2341293
10 88 9902732
26 89 952362
8 92 3153611
36 63 604365
6 36 771058
9 92 8397296
55 99 2049770
2 93 1666726
4 78 6736662
17 72 9895442
18 86 8768850
1 67 7462665
4 72 5489202
63 81 5331564
43 67 1012473
35 82 1503039
59 94 9275224
60 86 1187214
69 82 8550632
1 100 8323714
17 92 8897514
32 95 9988415
17 95 7691710
54 91 1187713
5 100 4069793
25 98 11511
81 91 8033451
12 70 8711775
53 97 9615241
76 89 9471586
1 98 245623
10 93 4564018
22 34 6315265
2 91 6554850
4 34 6355706
12 57 1561990
1 98 6371005
29 56 9633931
9 71 7717540
3 97 6954969
1 98 219590
9 95 8958375
7 100 2326133
23 59 4789150
2 66 4304119
9 20 8198834
18 78 9235715
73 80 754109
11 79 3897216
33 81 7898077
11 84 6472569
26 32 4082703
1 98 2554596
65 79 4055949
62 76 3803029
30 65 7627493
20 74 1995389
15 76 3071066
2 88 2666663
48 53 5523456
30 91 7925877
12 53 1179027
5 98 3813783
50 64 823192
14 95 1333580
42 87 8269111
42 98 8142301
4 91 433367
40 92 5233239
22 80 9364603
34 96 9325192
23 85 6792285
57 64 7778749
27 86 1197385
17 24 5330746
11 98 7840700
20 97 3589626
20 61 7051325
11 68 1188009
13 85 4463611
17 84 5036255
24 55 4598312
23 80 2641950
7 30 1591318
12 89 3877390
3 37 9925008
17 75 164343
14 35 4988922
51 76 3443584
13 65 1099691
41 47 9630375
9 93 3140107
11 99 5870848
16 95 613737
6 94 4802994
37 94 7201823
1 100 9390767
38 41 5668073
2 61 3443507
2 100 4122242
68 74 8284544
3 61 7460993
6 97 9154265
3 100 2886899
14 32 876220
40 87 5118521
49 57 5018211
33 79 9929763
8 68 2886270
6 99 8421454
5 76 3542954
37 38 7319483
84 100 3997621
19 92 4360369
2 51 4765078
11 90 8860501
5 97 8130983
4 32 7074952
89 90 4605221
35 61 3801344
31 91 571370
18 57 9848234
32 93 9601513
3 45 4776383
4 99 5012203
25 91 3664548
45 76 7868680
4 90 8757128
59 95 8849641
13 92 219321
7 41 4866493
57 100 8452422
58 74 7583865
18 43 5167196
17 94 8072788
25 62 3309914
19 28 4233474
10 74 6858550
8 94 857136
41 76 8510100
2 55 1423680
38 40 4939684
12 57 1800006
22 82 429885
3 88 8989507
16 75 1119159
5 97 910881
4 78 5182606
47 77 9674607
60 80 1576373
15 63 9100254
7 71 2259640
31 71 4113915
12 83 8399765
15 90 9528751
13 97 5211100
33 87 2964213
7 8 7666437
78 91 7313114
16 30 8050578
2 14 8060730
4 81 859109
90 100 1734969
15 72 1420900
3 97 1456385
58 77 9488203
65 83 1212730
19 70 4023506
1 87 4913103
8 28 6879232
3 71 6355551
8 84 7081678
20 86 731905
6 51 9276287
19 81 2250429
4 98 6414527
3 100 5147720
42 91 5737595
31 84 2290559
47 78 5959552
55 100 7914278
47 77 1036503
10 38 627554
44 80 6158432
80 83 307316
21 75 143406
4 18 3846840
9 87 7006754
21 48 8904030
9 54 9339339
3 72 8010983
15 53 1239805
6 81 1420259
17 76 1123888
13 96 2272105
16 35 8456859
9 88 9274968
50 100 8757649
13 57 6281804
17 61 9881115
9 93 1783523
35 81 928343
49 78 4388914
6 100 7130641
28 84 8814978
71 92 1488160
3 97 1262416
36 90 7207171
23 89 4768004
9 48 3639099
3 82 5004912
11 24 8920684
8 90 8832269
21 61 8138799
27 79 7538673
5 50 3057978
12 55 9756564
3 90 7466036
30 69 7837124
7 85 5313746
14 99 1328998
25 92 536246
53 95 6405103
7 61 1867913
28 92 4884003
20 27 3213271
3 98 750732
28 83 607019
24 93 1269566
64 90 1897835
9 23 4626249
11 21 55542
18 29 4243327
21 67 2189436
6 33 7504872
22 72 1096861
13 94 6867842
79 95 7252933
19 26 6315198
6 94 8985800
1 97 5824439
5 69 2444857
30 56 1317685
4 97 3369360
84 91 773859
3 35 4974076
21 93 3999436
46 75 6505990
30 50 9225115
34 43 7345511
4 100 9063700
19 92 6306219
5 97 4232782
19 82 1955078
41 59 3260595
16 79 8461687
31 56 2382650
2 82 5932059
29 79 3106915
5 46 4736340
30 50 9147123
19 22 4984731
12 41 3578098
30 61 9209762
16 33 1146594
61 94 8001709
66 94 1714625
1 100 9694515
7 21 4195009
13 77 7105072
35 96 4543815
19 92 5682766
46 90 2689954
3 78 8996789
32 46 5629837
65 71 2295214
1 62 979176
80 95 5652991
24 75 2329138
12 93 2097538
3 64 729418
35 88 7553415
12 88 768999
1 86 1054445
1 16 9673557
11 58 8216572
5 29 7864690
26 80 2487173
39 92 1748968
12 90 9932477
37 60 6271404
1 62 7346134
25 29 581048
4 99 4155744
17 97 3996293
6 79 2824543
57 58 5164748
10 50 6311597
32 57 9291773
5 67 9045905
2 83 9532672
28 95 3107745
23 68 5223595
80 88 2786901
43 84 544388
1 97 5745389
15 22 8417593
8 97 6501765
3 87 7203676
5 8 1634422
17 90 7088739
78 85 9933680
13 97 7368672
52 69 5573717
75 98 2635005
17 81 8827480
7 64 4307515
16 70 1153367
16 63 7254508
2 72 4889973
71 82 9430638
37 56 8411900
51 83 4579497
17 88 9268082
86 92 4249548
1 99 2980474
7 89 1233732
14 61 8852717
2 60 1293821
4 82 1657017
12 70 6991581
9 72 8742393
14 59 5362558
9 51 8623574
8 86 7569835
56 96 1533342
45 69 4845597
56 87 4886179
30 49 634999
86 96 6744277
58 95 8542336
14 96 4428963
33 83 2478368
18 51 6192783
14 80 8696733
7 100 5097488
25 90 5045270
1 88 1201581
29 82 889664
4 82 726359
11 52 4905441
23 74 5300231
1 98 3923339
10 97 8450456
5 60 291226
21 72 4031591
44 71 4677743
2 3 623017
13 25 3287918
27 42 7913613
57 94 7246262
6 87 3629586
27 99 6411680
15 83 8046379
2 27 357371
27 65 9862801
1 100 7327878
25 78 8473960
49 100 739886
7 100 8596245
4 98 6528649
9 62 2089055
4 73 5996946
24 98 4902085
42 95 1624103
2 88 2002079
24 34 5820993
51 96 1097592
63 87 9750387
7 100 4874667
34 96 968101
64 96 8535612
17 98 8770193
27 50 3958265
26 35 8720383
10 63 2248146
1 42 2822333
88 97 3424245
55 99 8081762
11 93 8477102
43 69 6639555
1 64 9052926
4 87 5353782
5 36 6137849
14 97 5415430
4 99 9785957
11 60 2954295
61 98 590993
2 25 6401404
3 98 2997363
19 82 3656437
32 93 2944134
49 94 5349934
50 79 3043810
37 88 5572565
17 18 7100956
21 88 9482170
4 76 7185505
7 90 6482316
56 86 36558
14 75 3455059
1 97 6701842
1 36 5714601
10 21 7230407
4 96 1991997
2 100 4894349
38 88 612618
3 39 7343849
7 93 962260
18 100 1113693
11 92 863331
42 98 3774408
21 80 4625028
6 94 6672384
43 53 3825597
3 81 862381
5 81 8336208
11 24 1750761
17 93 3961587
38 52 4155926
52 98 3477965
6 80 2733055
92 96 3458484
11 92 8735923
50 67 7691430
6 60 9246750
33 79 2114310
27 88 1854697
35 55 241176
28 96 6253459
15 82 6305215
3 99 5298640
89 90 9027702
66 79 5456674
43 98 8962060
3 40 176183
1 60 9815588
87 98 7950082
2 98 4471405
7 81 3555357
25 81 2009373
23 55 6510301
4 66 1348276
1 87 5806391
5 94 2927088
7 81 9741139
10 70 4414859
2 100 7838575
24 92 8776252
28 63 9206390
21 95 615533
30 98 2557793
16 24 7888954
12 99 1811789
49 76 3531435
10 95 44510
57 72 2463154
31 93 2884179
6 58 2887271
14 80 500715
82 84 1984770
2 100 7727479
13 93 2824601
11 95 2843712
54 78 8739612
50 98 3022748
13 97 3102863
52 90 1660876
18 71 526982
65 83 2310808
6 93 4364902
78 92 8457646
7 74 3057115
12 60 4801975
29 58 2900501
34 99 76731
87 96 8426055
37 55 4437816
42 73 6825057
32 99 8105981
25 86 3720332
39 88 7539660
45 78 2965607
10 83 4239664
20 100 6839554
15 27 5146396
14 89 1407640
3 77 431557
18 86 8478736
8 96 1956418
36 97 6985398
6 71 4640994
2 62 9413814
64 92 2049613
63 85 1990490
37 79 6352094
36 98 1112070
49 51 5283775
3 11 6171248
27 99 4677318
71 76 6792356
2 99 3141648
10 30 9459639
2 94 8806748
76 82 5005515
21 49 1356203
51 97 6008388
19 85 9838357
25 84 4529353
18 73 7785070
9 89 7817342
1 91 3938457
19 89 631680
66 70 5321900
39 86 9694625
3 95 1913029
61 73 3561061
73 84 1946668
23 99 8403389
8 79 1002795
11 100 6111746
11 97 2445994
19 92 8049717
55 88 2815630
20 76 821110
33 61 3954771
6 37 6940227
89 96 2843368
33 74 3545970
7 94 3153995
12 87 4271217
24 68 1799782
11 100 7454781
10 72 1145129
12 77 5498912
2 100 5282408
10 28 512431
90 96 4772215
68 93 985475
20 91 8683652
6 97 3806007
4 79 6442933
43 75 483746
29 83 2173186
