1000
40 521 8743914
40 522 6413593
83 516 8046495
126 559 4615228
173 547 7179899
12 569 4657529
158 177 7043198
427 479 3447730
15 593 9422673
49 279 2517028
464 572 8652724
83 373 9533294
259 540 1208746
354 360 5640031
118 227 1924195
7 557 7060613
48 547 229098
336 546 4846067
197 349 6903696
75 576 4190162
74 443 147609
532 594 3960235
143 594 1233189
262 520 5277427
376 428 7771488
142 566 7615192
247 505 6131054
3 581 429388
86 251 549265
157 401 2380495
155 302 1064733
54 78 6010753
99 234 9760670
200 429 3735399
243 421 2936648
134 383 6208766
116 483 6633119
497 535 8206590
34 496 2524519
344 582 7901424
468 544 1022159
5 579 9822323
124 491 272985
28 396 4129227
219 445 2872717
174 210 4168747
410 443 1563615
9 388 8256580
42 504 9034461
240 460 8568719
76 584 1723805
6 594 4294359
158 431 7519718
11 30 7974153
24 596 4521886
1 299 9130816
348 431 6297716
100 252 5328909
39 567 9822927
148 167 3919108
41 583 7342710
166 353 8154508
144 341 3520768
59 508 6863591
2 583 9895935
116 590 1308416
102 361 7515497
443 492 2895477
111 549 7055815
48 359 9785318
222 505 626081
120 233 5103996
80 359 2495145
67 491 2957372
20 585 9056038
111 406 5017870
153 325 1429028
1 599 7146889
22 578 1072346
18 589 1608066
18 558 9961052
100 536 7144532
97 587 5976962
219 515 8550257
93 589 5841688
90 590 7891498
87 594 882248
219 292 2769979
40 590 1657668
244 334 6577307
216 378 3513784
328 584 2951298
5 579 6848623
368 456 4551483
111 584 5036740
295 563 4902060
39 595 6922188
324 395 2328739
194 440 4486722
202 454 6376163
45 600 7163827
108 211 8104431
44 547 9479018
74 419 7404182
106 541 437919
26 592 7025856
170 222 630107
267 521 9976
176 383 2663087
19 576 4301754
48 225 5702422
453 456 6202366
181 506 7134887
67 482 2214020
56 514 191231
68 336 1490275
10 154 3003502
126 461 9300685
78 517 4444641
188 548 3162149
66 373 8214672
177 448 677060
114 305 2149353
147 344 2525447
201 506 6322236
20 536 8202013
80 581 1243432
153 450 9265935
187 400 1152069
108 387 5086352
67 326 1810707
41 385 1117064
138 582 9201059
85 559 3890523
68 228 8129540
121 591 2918271
288 547 1103857
526 600 1334718
155 536 426169
7 374 2859848
33 535 916206
93 425 4521212
367 401 3067858
200 579 5621752
37 86 5463422
41 599 6141407
214 223 2304853
148 453 174442
154 295 8461097
56 386 770866
54 511 899243
43 80 5796925
49 166 6618777
9 512 6889671
253 480 975395
24 472 2022354
369 595 9341341
417 530 5464816
63 400 733676
23 586 9730768
180 556 3398571
58 438 9107464
99 369 2181405
4 545 4233250
155 389 8291160
174 489 2880106
536 549 8988462
16 375 305782
97 237 4304223
3 497 6726902
24 596 5332990
192 403 1588158
51 577 8966946
34 249 3660305
1 337 2552910
27 363 3596720
168 356 4920994
35 554 5771427
393 500 3281603
309 376 4735944
404 437 7159559
186 340 8778394
17 599 6845286
141 293 4446786
115 386 3196701
79 91 9443556
198 211 3219364
318 530 1715875
18 293 7573587
17 348 3641718
245 449 7974736
150 574 4998832
268 308 4376124
91 518 2641994
86 592 6442911
35 542 2046579
180 369 4846352
102 577 5983066
49 345 8346921
232 417 6275259
61 586 3460266
106 422 7377064
2 251 1648492
69 386 2542746
69 573 8230026
70 506 1894712
54 526 1067851
34 554 581607
122 163 1574226
316 540 3874066
17 312 6983433
74 508 5909307
25 406 6408266
145 407 9177027
421 532 6580816
155 555 5638007
37 294 1749598
30 392 4748763
239 494 8175918
165 411 2005306
249 550 5114653
142 418 2419182
301 546 6617877
68 582 5614189
411 480 7854650
44 567 3612054
25 596 7872473
379 537 9037242
219 582 6387597
8 582 3460717
15 148 4342068
342 509 4077838
58 585 3917713
18 401 9116821
18 536 5490115
308 379 3658396
529 540 2542310
51 571 5819697
91 594 6749575
139 324 4667100
124 211 6865102
181 527 9113323
188 443 5820903
13 298 6372230
347 361 3395889
60 516 1444719
166 489 1421611
1 356 8320153
88 376 7693211
199 405 837485
7 579 4778241
29 514 8556376
124 144 6019131
89 255 9193625
290 584 4748410
131 172 5331657
50 419 9577189
22 478 5658540
72 552 5249163
171 583 4815031
36 565 8250895
197 536 9900130
212 472 2918799
43 506 2192304
260 477 3099349
333 417 424699
73 340 1477057
80 315 3001477
21 576 8719094
42 357 7057725
67 594 4878532
286 438 4372559
83 151 2162774
257 536 6378095
169 500 9890205
81 292 2701670
5 596 3697917
51 556 702685
154 479 5881398
237 542 3077738
74 581 5493141
47 549 9455065
439 526 4816731
237 447 6339772
8 596 8613102
124 417 1949110
118 365 5595967
371 404 566148
52 370 1280379
84 287 2071884
37 113 7872502
151 447 8652458
12 539 5830228
75 433 2170745
16 528 4672122
138 279 1704799
1 589 4013364
229 343 4922396
102 588 3437352
166 587 8059668
302 596 4954747
62 238 8972059
47 592 1609666
33 315 3341824
275 463 4590379
13 251 7421148
522 523 8452588
311 326 6811421
515 579 8952813
63 395 7543758
63 95 6829617
9 598 6671273
7 595 6779787
13 196 1203423
137 577 802686
186 566 923430
44 167 8340213
361 454 3973125
107 489 9393700
166 174 2053596
4 586 3909182
130 506 3758263
61 575 8213081
103 366 491476
168 349 6276382
341 464 5587443
35 285 1100853
98 118 631389
5 593 5758576
35 277 9417528
8 549 1962039
137 577 3480842
29 480 1983796
276 445 8861451
226 575 4377919
150 257 3296688
81 357 1793932
71 252 832628
224 268 8209683
268 368 3102057
60 445 4185536
316 600 8984064
75 336 1177949
255 600 7470358
54 517 3874237
94 551 7410239
109 469 9605033
15 600 2223831
23 447 1469456
23 223 6517190
107 244 8698474
71 397 2859411
7 527 6378093
15 236 9583276
4 591 1611252
104 577 1053428
171 531 3042476
96 106 2345870
45 417 7218305
152 488 2098794
335 594 6549320
106 534 369933
171 299 6170158
336 557 5239077
51 546 6231777
329 510 1535053
79 399 1271421
88 168 4435613
69 277 786489
229 238 7111670
10 595 5518547
215 491 54925
529 597 542009
130 322 9484853
46 480 3466361
237 314 4221681
14 212 2260971
186 486 526906
30 187 475165
126 234 9516173
8 518 2621311
332 497 3855801
83 582 4738640
64 392 130408
280 337 9843784
14 590 106475
325 427 9920263
305 353 8231114
8 109 887358
82 219 1146508
12 153 2037661
142 558 1488068
123 506 4316412
15 146 5783133
60 195 1106509
463 476 9109159
301 515 5268674
112 588 6313250
118 427 2107195
11 492 7203209
476 525 5180786
327 514 5234851
150 476 9730026
9 574 7029446
45 146 3675285
308 380 906924
294 449 8808901
8 594 5265403
2 600 3891925
49 426 98575
289 597 3489816
56 371 2046986
26 577 9911682
88 555 57375
3 262 8376470
6 521 9647003
423 578 249616
240 263 5713461
69 244 5119059
185 500 5631767
4 276 3629973
88 391 1080749
176 467 6306377
17 584 1471917
52 457 9384141
387 565 3433831
44 423 9083861
365 498 4540623
52 521 2909720
22 596 9418569
156 593 5788985
96 414 3999028
109 379 7242232
79 203 6543801
185 258 9061018
178 438 541910
9 554 1034006
62 241 7955622
13 220 1859969
7 530 4290547
109 596 5745084
102 189 3710974
28 562 2447452
91 218 2790157
393 543 911066
69 572 5544759
74 499 6294780
250 514 2058988
131 599 3464707
70 267 2370504
260 353 8144535
44 582 5629466
18 229 8407664
7 529 7154095
238 474 3540421
224 474 9132772
232 563 5867514
249 350 7438699
19 588 2153221
37 299 7434077
90 455 2592801
74 87 1329154
15 541 2501559
28 480 5374940
9 452 5605002
182 598 704122
1 273 915490
314 497 2115963
144 487 4984571
18 278 5767265
132 409 2380270
112 141 3717657
105 207 7042655
215 277 8406471
431 465 3406888
171 503 4575703
96 568 8659654
193 486 3322049
107 411 7344707
240 565 5674524
166 405 2695267
262 596 4497382
9 593 8912531
81 552 2779667
260 586 5969167
58 516 8333780
84 384 1990354
92 455 4582441
40 509 4127427
495 500 5496106
16 379 8761245
70 140 5320594
115 224 8182176
379 502 288269
184 487 2509430
118 549 1134403
442 448 2957800
427 526 6519717
259 507 6638146
321 562 3246584
71 546 4336004
257 267 2689439
281 541 1517514
20 462 5134253
293 419 3064190
9 590 1086763
235 368 7427260
504 557 8586535
60 540 7712774
191 472 4481917
27 590 7417514
62 82 4720746
298 394 3149680
225 563 9603407
2 552 7784455
70 544 598978
126 452 2721330
4 583 8457307
200 572 673199
2 597 9268925
350 408 1366888
171 599 6057699
10 415 1409630
17 180 3991469
485 486 2343506
257 398 8539179
25 597 406325
147 585 7779240
49 580 2963666
200 567 6637563
130 204 6324027
240 475 9663498
367 414 4444785
296 467 8285471
517 569 1024855
183 251 3095536
220 387 2586585
7 586 4800489
221 438 9968345
409 528 5298108
42 484 4327003
123 433 578988
16 505 1752177
44 58 6803350
64 570 311528
367 563 6802497
287 594 7346740
67 570 6350439
89 433 1304601
311 440 9030276
198 313 2587932
51 515 9729247
519 522 5013290
8 395 1086294
459 472 7357446
93 574 3287150
25 471 8087928
107 192 5738906
375 576 6125492
6 600 8868556
105 206 8363785
62 593 7561018
111 506 9784139
521 587 4854259
2 599 7495043
87 427 2588322
79 163 9315029
45 555 300577
80 537 6830385
10 260 4465857
57 543 7283006
180 427 9191897
113 224 3502851
46 341 8980749
134 231 5131864
251 511 244833
254 450 8383245
167 443 1988606
23 546 3459417
111 536 1601859
106 582 3188613
331 552 160528
232 599 9114970
419 583 53071
74 205 2966728
510 567 7262915
242 554 7016151
78 102 3430293
129 600 1182547
55 248 6246300
263 556 8705716
64 528 1538413
25 586 2638028
17 597 6314020
69 367 815668
218 387 5637745
48 412 2311417
81 476 7827686
62 325 2315906
338 352 6904448
247 552 1449029
15 596 8352116
65 577 6880171
188 261 8123323
241 522 3906880
208 513 5467488
182 568 4156448
355 529 2536585
57 511 9561118
119 131 264901
97 562 1271990
189 191 8461461
137 562 4633013
88 278 8675901
239 296 9126055
47 423 834125
167 351 1975170
451 548 9611115
95 519 9841041
69 485 5756387
217 448 6888354
231 580 1739505
44 537 1724788
267 397 3913549
67 223 3368027
526 570 9391736
118 147 3104566
161 403 175815
4 593 5248787
417 592 2868269
43 522 7569952
445 560 9996237
42 517 5570901
248 417 3001152
138 422 3111520
18 446 8644772
58 530 3992018
236 389 2978790
277 584 1413768
377 428 1647184
23 549 2313051
52 155 1985622
17 493 2932363
66 599 9078301
202 440 3706218
34 596 3551693
147 297 3675717
98 494 2051865
32 595 8305560
124 406 2159884
88 589 7345650
47 465 44054
100 280 7564582
290 534 3053271
571 587 7740468
325 476 5536427
55 209 3797238
260 537 3913334
363 453 9231759
36 497 2423474
549 555 9526417
82 213 392374
458 536 1497966
455 502 3385161
67 580 3884322
231 245 860263
348 448 3533598
28 599 5277779
7 497 7972855
401 507 1387613
4 594 8296272
228 269 5728630
261 409 44037
85 163 5341682
104 579 7068441
325 445 1324316
138 442 795490
433 488 4436992
340 376 8702963
344 517 2436212
257 584 4869578
91 487 6500200
1 509 8766652
26 513 3603825
80 383 9180061
139 564 4237328
95 189 7824820
402 407 4169416
159 514 5780702
1 598 2597855
329 514 2031233
93 497 6941172
176 272 7362356
23 308 597826
509 518 7982380
174 533 1824051
34 585 6158314
28 594 9178536
38 575 8856996
349 492 7150856
124 571 1915633
150 205 5132935
30 563 4688440
171 188 3815097
28 557 305754
494 558 6251223
56 518 6592799
10 336 319569
332 467 1011039
26 469 1706260
270 428 6252274
104 181 5553309
197 585 3456985
31 550 7585855
325 597 4300078
314 548 4507569
63 575 9461705
39 579 3340507
226 593 2352692
203 332 2440546
152 452 2337618
536 560 9410290
480 499 8916171
419 457 8020299
259 389 7679931
148 549 8924687
41 591 63643
129 596 6120139
477 509 8596719
108 336 8188484
520 585 4044466
431 520 4803203
14 374 4393599
14 408 2832676
341 523 6010369
24 426 4854235
95 143 3174812
194 523 1746247
41 457 4335581
88 332 2421244
40 512 5562528
16 553 235467
74 594 1860096
298 541 872788
66 422 5845636
1 595 7918031
46 192 1445896
39 351 903831
332 358 8768361
154 236 6303225
437 510 9991925
53 415 8685883
211 507 9800082
275 580 4366831
72 255 6758701
404 529 3498234
1 600 8333158
496 593 9919071
243 261 4543994
188 470 2094545
11 497 8548081
21 508 28025
95 586 4546952
236 360 8198021
96 388 2158945
371 590 1128306
414 484 3580138
190 326 4627355
77 530 9656587
471 496 281217
16 493 9730579
117 372 7283549
20 33 2974437
15 595 254692
25 318 138335
3 597 9949274
487 500 6574220
177 318 7713370
13 531 7246986
36 488 3768548
51 439 8909502
149 300 8225064
78 463 7494582
256 485 4396306
7 256 5045726
147 166 4762518
248 511 8049384
440 571 8825534
68 396 5641845
50 90 9630449
130 528 3326473
122 475 5345158
37 576 983470
92 595 1223945
160 533 5447015
263 591 4588877
3 600 1599191
258 459 2090931
15 561 1370163
236 309 8816185
5 263 5514213
119 470 8832838
465 504 5052930
88 588 6274612
147 559 563055
20 536 4337823
57 551 7476046
419 496 5913198
256 486 3699631
117 385 8287519
266 323 4341749
38 563 1661655
84 437 2895750
108 542 7483818
11 220 9492919
9 422 4067367
11 29 4120055
38 407 9628584
95 467 256059
61 192 2644184
77 531 9951913
196 600 9384454
124 417 2255112
323 446 6039849
38 598 3180776
395 481 7442868
272 491 9649550
494 577 8966427
118 336 8897698
104 592 8829094
35 552 6138268
132 459 5625973
195 596 6085356
44 598 4785109
21 482 6789993
125 587 435522
2 594 6770428
322 590 4396989
284 305 7657998
272 432 719696
94 538 6189103
9 473 4173150
152 579 195208
475 546 7971121
303 435 4820227
328 571 6262718
276 541 4185017
6 598 8348987
260 307 2738588
292 504 728804
316 447 290278
452 497 9152265
43 588 5135425
430 558 7958364
301 330 4025656
76 549 3135226
155 543 6200158
327 557 5813560
42 337 869181
483 600 9486640
438 485 1908097
90 476 8149387
41 42 4420070
115 489 3410960
7 487 7577311
57 398 7129966
93 379 1909384
48 351 9245126
195 336 1391951
403 405 8520573
102 307 12382
19 445 463680
32 404 1403339
81 573 9969240
164 244 6229635
418 536 798000
254 395 4349812
223 260 629284
381 594 1815931
269 350 9729037
199 222 1125901
96 222 7117322
409 567 6591529
500 567 9324432
16 572 9793149
371 507 6407093
84 323 804312
416 572 4485050
402 490 4631376
64 269 9712983
277 579 2047540
72 217 1640138
86 172 4924724
433 506 4849442
26 588 7587536
84 448 3514569
43 585 3773054
25 571 7481169
1 599 4162080
346 509 6629120
476 595 3104165
32 589 8254879
127 573 9261054
460 579 5646079
261 426 4992195
35 280 2937804
30 312 1857063
308 343 5515670
517 549 6253850
160 244 266269
19 304 15421
539 555 3279965
210 558 8814858
113 152 1324122
20 435 2017220
13 587 8148142
298 536 1948446
6 49 9180752
298 461 1818536
157 314 197287
23 569 8295806
100 400 413648
34 544 3660596
147 412 7650475
379 576 5307260
173 532 9829292
1 600 9194010
17 494 2514272
49 141 1749514
52 528 3430590
2 597 6058095
151 536 1357233
81 594 619455
144 336 5341667
135 427 8669614
52 579 2453451
2 596 523992
469 536 5112442
306 585 5891634
61 512 9596578
79 595 406835
166 334 3099752
146 578 4229055
201 555 9586667
179 586 9515988
382 384 4330901
236 416 420216
353 363 5748385
115 239 88674
22 560 9308014
352 599 2323304
51 508 9220867
87 275 6029225
91 389 7320419
26 109 1204091
254 498 8144658
98 339 9495832
281 589 9835112
211 288 8979588
187 475 124822
329 460 2946113
255 583 2826870
75 570 9209783
381 574 3208728
179 346 4188638
170 597 2530953
52 245 5857454
357 372 4072678
23 383 8000969
368 380 5154722
160 470 3207014
247 554 4879508
195 558 1095297
16 487 1760581
95 405 1554369
198 481 9850872
297 535 7040042
55 291 5862138
264 456 6073092
61 376 140075
66 457 1703051
159 219 4571981
3 543 260056
149 573 6476557
484 492 3282960
3 374 5129296
327 538 9918539
222 485 5208640
174 504 7811784
191 507 306582
151 283 1783119
195 563 7851305
33 500 5482725
155 282 7423672
129 485 1435959
7 223 2381813
22 576 1758017
61 533 2847698
153 565 562495
419 498 5697936
