999
460231618 460939916 7718672
4426878 5720627 9970803
1482388 371206982 3314544
1329904 696880770 1697048
349952397 350191465 8209301
1266761 246759627 3953590
155829644 155969391 9266353
855513534 856542158 5947376
1516671 710800273 1558845
988859 443784286 2957367
161017232 165218400 9185707
117496178 118031764 9401960
232723869 234812914 8650875
1085972 482623775 2811648
1384324 78223641 4898606
104690284 105492847 9524743
1304387 903500439 759035
316989407 321175190 8319851
206180843 206274110 8951409
1066748 523755279 2587144
226842182 228404940 8776176
206381974 208716027 8917896
1179208 118491888 4662828
1537618 528609662 2525862
937366100 939318789 5418820
360519304 363495030 8137415
353881288 354661977 8164185
1538390 499336901 2765843
219569286 220827394 8840338
42477893 42603117 9808781
1046688 623585804 2017516
506401139 508381152 7524441
860768053 860800868 5860821
578127248 579648188 7146391
1146942 194634864 4226806
1313366 561861214 2391536
229737988 232723869 8731888
1133586 911348864 687592
1275527 48452134 5021843
1189942 889759241 802897
1183918 756107363 1447363
965633 463574620 2862606
566921334 567124611 7171574
620357506 620523050 6997900
1254256 89160966 4827793
1019508 590369628 2341702
1525565 617825100 2125453
898066622 903434083 5659205
1035377 785936012 1345234
973290 220357312 4065573
1293710 3085195 5144797
1428472 363950791 3355062
108500557 110662055 9434427
1186332 771806315 1385284
593007727 596694059 7120094
1160105 86578723 4828834
1259539 410276709 3145007
61348121 61534529 9702393
17907999 22206252 9960266
1038300 909013652 689125
965759 377019713 3254260
1507764 187451196 4344606
623581557 624160723 6986198
879127726 882059761 5704401
474275454 475401592 7649214
388491882 388730506 7939922
632782464 636021947 6958930
416385876 418145838 7846908
472737063 474275454 7650226
632041160 632782464 6959277
865515445 866070218 5806593
944280188 945914734 5323343
1284435 172367494 4422846
1128288 809474467 1263560
981944129 984223821 5199822
350191465 351726292 8207877
296806979 298920239 8376707
553464005 561598376 7181700
444071316 444763336 7763739
1126868 600053090 2285516
1380690 621483711 2039495
1080233 360048309 3387998
780584888 783929356 6400280
1160358 54876555 4990417
707799042 707993619 6702726
1339142 305595215 3660036
512381075 512520157 7445352
82971707 84012012 9598490
66002888 66738025 9678283
245120173 245316651 8603538
1029050 922865867 597192
890253724 893384397 5687116
1420345 61374341 4967222
1306407 789471547 1339098
1520414 977995311 207452
1036520 206183939 4168742
191301241 191556504 9087341
529076854 529435888 7256739
1077132 763747818 1427998
54756256 56519708 9719728
1195829 117177264 4674156
776765943 779332046 6423356
841818567 841997230 6005862
1038413 155740283 4556975
964383 194047376 4233735
977298 871280010 887060
1476949 814097014 1174685
1373572 42553432 5046694
1266574 446918082 2928432
965448956 968377716 5256513
1254927 471250009 2856238
1040885 442785362 2987192
1070733 106614821 4718081
1321232 205790972 4191350
991327 420055361 3086242
1314386 866379444 927869
1393123 214544070 4106857
1206441 198956576 4217545
1411370 780762293 1357451
524398138 528068014 7300592
1516158 897019918 774183
932787512 934680932 5439226
909565445 911266421 5566407
1495560 296505421 3717843
620077409 620357506 7000774
931009756 932787512 5449898
205253365 206180843 8956190
61534529 64637923 9702264
194725043 196889048 9014311
918251518 920297757 5512572
1234459 851434093 1023571
1104071 831395562 1149725
268927318 270728235 8423509
1333400 656082743 1837006
1321710 813086547 1227800
1018218 21902223 5083149
1161460 252130425 3920678
1255851 258706224 3880311
1120557 631644723 2012633
678276796 681841977 6807884
1409186 707804251 1580580
1254629 620408554 2057773
655355825 656028956 6852006
261680030 264042542 8456772
542367991 547331962 7202446
1291818 866930297 895012
948328271 950658269 5313418
991188569 993276290 5168057
658898293 658989309 6843790
387979660 388491882 7960932
835521561 841818567 6020060
1537700 186801502 4369104
244160619 244912429 8627893
1107103 427331496 3024376
841997230 842185866 5993799
1531584 373624439 3310991
453736484 455534758 7731603
998029 219367177 4083469
510724627 511526188 7510116
1409273 658932006 1812540
254228739 254234833 8551283
1210397 209224809 4144002
1508499 453496862 2918709
257721698 259161051 8519162
184942499 185982044 9134672
105635003 105771926 9490051
1041200 736975898 1468613
242911120 244160619 8645157
187004373 187739121 9108022
92432129 96191649 9582794
1349755 813408046 1175257
1466192 567041034 2356738
1460445 366579116 3323875
716173626 717622899 6671465
186226954 187004373 9120320
964068 1552177 9978351
1526223 401016175 3187523
1131171 254229472 3899729
1436541 191918116 4244153
101756492 104690284 9532811
1375869 249398390 3937365
946187057 948328271 5315963
952774085 958359178 5289942
1225145 710132143 1562579
452978969 453736484 7738788
1380512 641454640 1910403
1535289 24402420 5076496
923234592 925439375 5499335
1173602 539292506 2491391
364613188 365501886 8083853
958359178 962732894 5283105
858838807 860768053 5868692
706361165 706549417 6745065
606487775 608915615 7051477
779332046 780584888 6414256
1070895 208492102 4144235
299243937 300982135 8370964
793410229 796227077 6312860
850097658 851889880 5957554
1143919 996585735 442
1551128 345887547 3462656
1065834 132001474 4610929
1367129 286267894 3734112
1284810 433960336 3007285
365501886 365757603 8073826
376320408 376573486 8055355
1113860 512384227 2653221
427318249 430530413 7832781
1094583 226148361 4050663
1512011 90087013 4803916
1351390 945191673 415254
1316097 497474291 2767556
911266421 911644237 5557355
1147441 844013075 1076889
1412062 856605184 1012100
983111 157299327 4499438
1015997 865629392 932122
828177809 829549841 6092623
9344402 14799194 9966227
651169049 654635329 6855686
964264873 965448956 5268038
1284112 304326307 3665518
66738025 72103125 9667247
478764954 479346597 7632860
311408522 314610019 8332586
498458323 499287108 7553766
86459521 88549165 9588883
479346597 479910207 7606452
1264848 921858715 602215
1204644 365217406 3340274
1154495 142559064 4584971
926196288 929509993 5483405
685244869 687597868 6788873
1172757 267071277 3834952
1227509 245674821 3957486
1253719 259199274 3877843
221635906 225639432 8829828
1465619 185268940 4379694
1078600 498472236 2766025
1551677 193330228 4236460
1496348 146212537 4559980
738943918 742177138 6557848
72103125 77529871 9646198
1229923 422383567 3056803
422132930 427318249 7841779
1480226 11640366 5126159
1006399 17898105 5098546
1020622 361019839 3360138
406248895 407181114 7864983
1445518 791203633 1331855
1507907 951136236 369489
791227864 793410229 6323168
1117441 243348400 4018963
971140 900623207 767311
295801016 296806979 8377093
1506172 103941765 4739504
1240115 665401670 1789418
687597868 691664806 6787587
157351547 161017232 9188317
987520 925463768 561223
1080870 452821536 2926104
1506917 660756524 1806545
198776245 199451028 8999541
1026264 659125334 1808642
1027677 130025270 4621038
1214935 491367116 2772371
813905400 814198233 6132131
831004311 831657559 6081616
484492624 485439879 7587686
512520157 515423705 7413533
606267310 606487775 7091273
1375001 376703725 3295029
228404940 229737988 8732700
724022428 729700281 6614916
1336799 787635173 1343669
455534758 456371312 7729940
718234718 718361756 6641362
1005002 358807275 3400477
1546040 806269708 1265202
211282223 214373613 8897464
1546722 779887096 1361199
706549417 707397946 6737041
1415272 987848685 76496
1206979 344041228 3478859
1459059 873241888 880402
1353111 388592809 3237140
696835575 697681691 6765623
812595399 813344641 6143694
1296295 991293780 21424
1004637 335122991 3530042
1368757 911095880 688711
1237649 940931745 468716
519275535 520008575 7360546
920297757 922162446 5508151
1335096 802469606 1269637
832711795 835521561 6043454
1051422 918162953 628088
1136309 953391116 368928
1128530 696517989 1705485
983958 400076390 3194245
787123044 788706278 6370785
1467101 671412136 1761736
1525170 387041521 3240623
1325175 106194544 4718375
1469705 842763452 1103430
171683213 172355889 9152964
637545530 637987251 6939229
1042520 321738765 3616335
925439375 926196288 5485916
1537491 685751194 1711141
1032774 247005372 3940440
218094348 218668397 8858760
234864291 242911120 8646149
24595710 27401236 9916994
1257976 64911866 4961311
1481897 857669169 980713
1404098 930126923 521662
210012058 211282223 8897713
976083 605782734 2279298
1467281 98390039 4763392
903434083 904084438 5654394
979204 519659889 2615132
654635329 655355825 6853093
247699073 249522911 8592340
1345671 852827969 1016526
908676046 908722404 5595529
105771926 106226055 9488307
410512952 411460796 7858021
1021952 644210008 1908129
433459239 434821815 7814905
131790596 132124109 9324871
742177138 745746401 6553764
1296747 315277730 3627979
438434560 442706008 7788599
1060814 513193702 2642481
359977434 360519304 8154809
460939916 461930886 7699486
862467341 865411572 5813798
1321268 298993981 3694169
1418610 430533263 3010740
1085368 165918453 4452099
1011375 139377137 4585561
820127425 821590120 6104794
1218210 101456685 4747684
893384397 894831909 5680323
1354427 599901363 2290634
1483255 907695210 712107
1034154 105189546 4737201
1381245 435154510 2995521
1054622 937663202 473273
300982135 301545103 8358395
1551626 213961383 4107448
270728235 275119673 8419844
906964782 908676046 5600961
1382152 760917380 1444622
191556504 191995616 9067854
344864248 345744361 8257538
945914734 946187057 5323158
80091594 81917864 9625728
343137235 344575762 8270983
353613973 353881288 8181306
217009220 217727988 8866355
808296343 809718590 6227772
561598376 562083073 7180709
814198233 817564091 6130789
528068014 529076854 7257525
1202669 265262045 3840519
1135306 815167713 1174528
1251025 499995414 2756913
1174261 832357836 1130484
774798502 776765943 6438495
105492847 105635003 9524038
943004333 943128725 5352215
1438357 631849100 2010335
1495390 511876164 2666354
1380357 777658385 1363886
829549841 831004311 6091427
451361864 452978969 7751526
218668397 219569286 8847215
660722029 662132992 6827372
1023533 376387757 3299102
1003535 474682004 2835135
365757603 367486704 8067447
1442510 893582721 797344
1532106 637387077 1969148
567124611 578127248 7150846
56519708 61348121 9712736
1471461 945970929 392264
1234998 608823734 2229912
1202635 458141432 2891542
1059854 633897274 1992969
351726292 353573357 8206986
950809553 952774085 5301137
984223821 984591330 5190084
77529871 80091594 9645709
375584921 376320408 8058737
27401236 30180852 9914025
1051158 191296058 4265875
1234650 223095349 4063339
529435888 537690920 7237687
858517512 858838807 5884182
172687294 177268614 9148812
517532391 519275535 7369811
1021178 847485677 1050398
1383972 697875499 1684883
1347517 399222629 3206448
646125677 646457709 6876107
1285605 344607478 3471637
106790003 108500557 9454180
1151776 41523463 5046977
1478801 944270916 424898
363495030 364062270 8125215
996885551 997573218 5151068
1233820 174413285 4409929
1493808 410966581 3142680
177268614 184942499 9147307
1377910 321856551 3549651
1047161 565483898 2367319
867218811 869597564 5783300
1263499 442546724 2993963
975834 943183627 434201
976134127 977490212 5233823
245316651 245828393 8599138
1101607 105582448 4730493
1405394 24838866 5072432
691664806 696835575 6773458
49728154 53216480 9732316
399816334 400171908 7893772
845348938 847599678 5968841
936302346 937338853 5432973
1217446 597828834 2321294
979778 619946980 2071554
1432294 34950214 5053510
132124109 135570484 9323349
721333178 724022428 6621479
562083073 564528041 7179014
1456894 980891934 128167
1386238 919038070 604271
1477238 47755364 5022172
842185866 843529530 5982633
1251851 965047134 321330
97899620 99595930 9573287
810013768 812076989 6173032
120591965 122628011 9370617
1424743 274478842 3770515
200264211 201285376 8967552
1334091 62529637 4964447
1426186 111350450 4710639
631701747 632041160 6968537
364062270 364613188 8116876
64637923 66002888 9688367
1081153 177682934 4394525
1402348 668840136 1784331
709720063 710206505 6698056
1184714 990599065 61803
191995616 193924350 9057927
832559308 832711795 6051823
984591330 986267793 5187164
42682548 47579426 9771399
1347348 411658717 3139855
1348324 856628404 1008460
1440803 615219234 2158204
1408763 904121551 754702
1369242 936674070 497803
968377716 971003839 5248266
847599678 850097658 5959416
84012012 86459521 9595516
617444952 618617985 7013139
485439879 490898891 7586359
215303175 217009220 8867692
1375525 984297292 116647
1183609 835998222 1112293
1410111 253054841 3915116
461930886 463827375 7697787
1472611 310199586 3655580
1234367 698612738 1682843
430717254 433459239 7828651
976445 637573036 1967518
1470608 259337577 3874788
333949007 336286673 8282686
1326850 86049086 4829773
1353061 830366092 1149851
998917 707270452 1653656
540956367 542367991 7218410
1514733 682635820 1724943
986267793 987089611 5185705
871995443 876490779 5742633
1123750 479424098 2813599
1480359 962965048 330291
1550840 534412902 2499679
1325347 546479668 2467544
1420854 524092104 2552112
47579426 47814900 9755186
1210460 703617867 1681484
1510995 327865260 3539858
1513917 328775013 3537721
1484991 950390857 373823
1246783 132147586 4591505
1183986 187911140 4339673
1037317 283268275 3754666
866582621 867218811 5786753
602532857 606267310 7094474
367486704 373545617 8061507
305499222 306784812 8343131
615418587 617444952 7038221
1152260 388403591 3237247
47814900 49728154 9741212
1399588 50894252 5019048
1552177 4426878 9971986
1093729 941301795 452485
790410951 791227864 6341123
911751427 918251518 5524287
1338170 76924114 4899663
637987251 639525229 6920643
1429880 596265823 2329948
1412415 81169301 4882817
246826507 247699073 8594899
656028956 658522099 6851892
1200149 471935912 2848310
1494556 229954385 4034193
1382844 861096063 959349
374216071 375584921 8059640
298920239 299243937 8373828
1101855 276351485 3768200
128095398 131714318 9354923
1203153 883075061 826111
1467631 832578074 1117560
860800868 862467341 5854433
1013153 689426106 1710111
196889048 198776245 9004504
1471212 619495233 2112500
1530406 475484131 2834136
843529530 844661612 5981787
615213194 615418587 7044180
1412266 970005925 287342
1132865 563746564 2387554
1321501 198134134 4220345
644433641 646125677 6880114
400171908 403956186 7885988
882059761 882753168 5695780
1461154 227796771 4045395
1363067 911720527 659326
1256424 738354678 1465701
483598528 484492624 7597745
1310082 451288715 2927556
599972408 602532857 7096149
1473023 812167388 1232417
1039358 206293498 4148303
1543402 751920684 1454106
966878 333186511 3533067
479910207 483598528 7606439
1178937 204953652 4197326
214373613 215303175 8895994
1366158 234842087 4030251
217727988 218094348 8861244
1103803 973968120 271999
1201672 726504835 1481919
812076989 812595399 6149295
618617985 618984371 7008081
376573486 376811687 8036561
764871452 768745335 6517146
737127251 738943918 6562528
1313211 350076681 3455172
1291986 596701570 2324399
976035 548475316 2444573
430530413 430717254 7830839
1080954 211104986 4141037
1252928 646249775 1904559
42603117 42682548 9801602
1124580 722967588 1487028
1539239 928191413 548817
122628011 128095398 9370520
994646 880966437 876230
1005795 352883437 3434086
1148190 575035454 2354067
732623242 737127251 6591943
491618493 496400705 7576213
974945 614616660 2212937
413502409 414282764 7849273
813344641 813905400 6135207
981929 444567251 2941370
268296135 268545276 8439005
502024020 502985935 7540823
1422162 485287069 2790718
1065931 943890823 430079
857191886 858517512 5910812
979985030 980125064 5209949
449296035 451361864 7754784
1054233 798380071 1303252
1296078 172208776 4439976
1080494 842178009 1107011
1438829 579035492 2353332
1331820 776396802 1366966
993276290 993544375 5167115
1439493 99704281 4748988
1263349 561508447 2440361
904084438 904325420 5652970
1105901 905816714 719733
1534548 326412802 3549542
1029396 96751955 4777468
1152469 986416821 83558
865411572 865515445 5813235
1403464 599277317 2290865
969028 980038999 176285
1428999 677033976 1757292
974222 654826343 1864916
385664772 387979660 7964728
1007431 353878393 3409421
894831909 895474269 5673188
971003839 976134127 5238321
1353076 798954733 1278710
354661977 359977434 8162291
1138258 865463781 945754
1197383 116037896 4693158
135570484 140263326 9323101
1366286 117765708 4668279
1347444 833738092 1113662
1544056 46457033 5022269
1377631 895208117 786368
38726881 42477893 9823153
608915615 615213194 7045956
1271298 904329966 740950
22206252 24088957 9936675
220827394 221635906 8833201
997562 261160584 3861861
96191649 97899620 9577826
1486404 863656720 957450
1133648 715008314 1537188
251563525 252774078 8572686
1165614 268335351 3811002
411460796 413502409 7851320
1199295 716776390 1533721
844661612 845348938 5977073
81917864 82971707 9612197
1025910 937356616 479011
165218400 171683213 9163248
201285376 205253365 8957134
1471031 194502750 4229204
1551633 341178528 3510022
1381068 892930909 799504
275119673 280583893 8413446
1257756 343091537 3504172
1416274 413513657 3137606
1052773 849541934 1037976
1117041 349119750 3456064
1186780 983213786 123429
5720627 9344402 9968443
24088957 24595710 9923392
989118787 991188569 5170924
131714318 131790596 9342883
444763336 449296035 7763460
336286673 340255362 8279613
1251846 432914067 3008114
908722404 909565445 5579769
1163698 479329897 2816316
1332429 195829876 4223845
969035 931694093 521437
1543451 950776638 373405
597611450 598125394 7111477
398166046 399816334 7913227
1100435 809765980 1248845
944120172 944280188 5346279
1456675 773818722 1367252
1305318 4956460 5141513
156804426 157351547 9220233
343018297 343137235 8275819
1049980 54170065 5004269
993544375 996394662 5159551
1526227 502736280 2738816
511890245 512381075 7475302
889583195 890253724 5693576
831657559 832559308 6080712
1423897 509133993 2705212
851889880 855513534 5948696
642311356 644433641 6898258
697681691 698575194 6764867
523828209 524398138 7310852
407181114 410512952 7864253
88549165 89174461 9586596
388730506 398166046 7939222
1230277 245259040 3983174
1528441 28725654 5070606
194378323 194566117 9028679
373545617 374216071 8061344
225639432 226842182 8813300
752356459 757394656 6551737
1255441 250595104 3922607
856614562 857191886 5941520
1178662 507222682 2724104
1160157 383264104 3240947
1236571 583780361 2352549
798824838 798977108 6296248
208716027 210012058 8910009
1118289 871951461 885547
268545276 268927318 8428343
991849 521288187 2614136
1168846 647925891 1892476
669189107 674390891 6815572
1090615 860799163 961025
1231501 521734816 2590869
637376689 637545530 6939714
254234833 257721698 8528756
1191366 155879545 4509489
882753168 889583195 5694008
523750740 523828209 7322752
140263326 142581705 9315406
1449836 16774696 5103929
866070218 866582621 5805895
589836478 593007727 7121124
249522911 251563525 8578849
463827375 466191469 7685500
729700281 732623242 6611720
1392619 263823229 3853566
999618 620866595 2042052
1513301 933901489 519451
99595930 100994705 9566099
982835 83478516 4833709
983725 709674603 1572172
280583893 281229766 8406014
1057078 131761324 4618514
1433931 416425768 3126080
1070211 632713625 1997363
234812914 234864291 8647444
259325263 259343713 8496084
508381152 510724627 7514120
383163935 385664772 7991728
187739121 189070455 9104694
1293635 732506566 1473319
636021947 637376689 6940309
1185059 57085710 4974266
762887868 763247219 6532312
980125064 981944129 5202607
1012973 254402133 3894106
646457709 651169049 6868696
190791696 191301241 9090696
466191469 471710384 7671988
499287108 499350927 7553600
1274533 268590523 3808726
1117001 23270181 5077434
1337000 156691335 4504048
1162297 339904350 3529184
1396887 828887723 1153497
911644237 911751427 5539951
189070455 190791696 9095823
155969391 156804426 9263694
698575194 699336936 6751456
53216480 54756256 9725757
821590120 828177809 6099413
1424820 353915126 3403024
1487251 217904942 4097906
1073321 935479127 500464
904325420 904532359 5628555
1403100 826488706 1157179
1051581 619645932 2089191
1459500 707474185 1622197
117103843 117496178 9419742
322430616 327612120 8296771
1316235 345584216 3467362
1324697 421422811 3068569
1360754 199464028 4212499
118031764 120591965 9373587
895474269 898066622 5667064
1270356 968141543 300756
443439526 444071316 7769212
1524744 8326587 5132507
1031993 244990073 3989432
1271509 107749383 4712569
420559305 422132930 7845616
621280017 623581557 6991485
806054162 808296343 6254047
1500237 490260845 2782019
403956186 406248895 7878896
1050351 858779930 978165
856542158 856614562 5943057
1173584 868762212 890491
984231 351589159 3443667
1074946 260391341 3864914
1101533 191331662 4250856
1018444 298165852 3712239
683306477 685244869 6791306
620523050 621280017 6993078
987089611 989118787 5179079
564528041 566921334 7176560
1187163 654374474 1885271
1025836 280835493 3755372
1510649 292572722 3728120
788706278 789132501 6367137
283568581 291477909 8389967
1200432 364545943 3345491
1105307 216409501 4106122
321811789 322430616 8301184
1378716 618783256 2118142
718361756 721333178 6640072
1335183 658828771 1820768
757650250 762887868 6543289
1395368 269804125 3778016
17587180 17907999 9960782
194566117 194725043 9025786
1221008 616296095 2130058
943128725 943349975 5351752
990612 66014230 4934393
1309451 810800284 1247559
1350408 301387870 3686370
1342338 388810558 3235340
155724866 155829644 9281349
456371312 460231618 7729218
1544003 493129418 2770032
1283339 985131339 114930
1469061 638661013 1955585
475401592 478764954 7637033
172355889 172687294 9149562
1525715 820241111 1163528
619530532 619876886 7002959
1265335 157581901 4483131
1502208 200695937 4203392
1482128 466116146 2862443
1311691 719981166 1501701
1030611 745252764 1454414
1203975 762960537 1428731
521626561 523750740 7341888
1217733 718173975 1518301
1141382 882376924 848981
471710384 472737063 7669157
1523260 483650699 2792075
1043825 108981261 4712014
1516282 353601632 3413337
1256964 527604181 2548821
244912429 245120173 8614929
301545103 305499222 8353979
977490212 979985030 5226765
869597564 871921387 5758868
1316872 405173785 3160835
1335491 443374492 2981194
90993476 92432129 9584016
499350927 502024020 7543331
1423523 190416644 4314793
768942253 772470404 6468274
89174461 90993476 9585211
1220802 905098768 735198
1405381 239189391 4023495
344575762 344864248 8257823
185982044 186226954 9121879
950658269 950809553 5308641
619876886 620077409 7001184
796227077 798824838 6304282
496400705 498458323 7563545
434821815 438434560 7798028
442706008 442870474 7788033
1453616 42680586 5044976
1537528 908683120 698910
1123040 855951619 1013377
707993619 709720063 6699116
14799194 17587180 9961102
980746 504025978 2728079
1331877 105689738 4718565
772470404 774798502 6466613
1355093 768817485 1394285
1415549 517834964 2630054
871921387 871995443 5757235
520008575 521626561 7355358
662132992 668325224 6826538
206274110 206381974 8932339
658522099 658898293 6849077
1273258 233269271 4033225
259343713 260881927 8485846
264042542 266134926 8454390
547331962 553464005 7195538
1202643 461227790 2873870
260881927 261680030 8456984
1535416 844949084 1063850
904532359 905249336 5622299
1259098 976459385 233993
929509993 931009756 5454194
1201270 376155127 3303344
353573357 353613973 8190496
245828393 246826507 8596021
598125394 599439465 7100497
994437 993699703 974
30180852 38726881 9884492
1153793 221435063 4064521
922162446 923234592 5502576
710206505 714401076 6689453
328133449 329754727 8292838
511526188 511805392 7499570
511805392 511890245 7490370
1413141 67792993 4916879
618984371 619530532 7005106
934680932 936302346 5436459
1053753 757479284 1446480
1389590 946393990 384566
281229766 283568581 8400100
1308716 606375942 2240577
1385002 313054324 3644731
1522602 473889473 2836466
1368711 365754972 3331184
1224243 859887859 964643
1448243 82188785 4865505
1113273 414915495 3128155
1196734 218471172 4084697
596694059 597611450 7115040
1179440 456171917 2892291
252774078 254228739 8562565
414282764 416385876 7848920
599439465 599972408 7097912
674390891 678276796 6809305
306784812 311408522 8336063
658989309 660722029 6832627
783929356 787123044 6393028
1342527 739865414 1455540
1537758 244620009 4006765
763247219 764871452 6522863
937338853 937366100 5429921
1025740 958657406 368269
1008953 765301532 1427569
329754727 333949007 8289259
639525229 642311356 6907965
193924350 194378323 9051380
490898891 491618493 7577672
962732894 964264873 5273628
996394662 996885551 5156958
999606 126620862 4642819
579648188 589836478 7129299
1521861 996936353 406
1473490 406319405 3155985
1484168 620123574 2067938
757394656 757650250 6550128
291477909 295801016 8378615
1229488 516798427 2634876
1307311 791528611 1327836
941178393 943004333 5362234
314610019 316989407 8329161
1001774 165138174 4470441
1408846 645414489 1907283
1343279 300637376 3688820
376811687 383163935 8019779
1496572 923644839 567531
717622899 718234718 6669788
876490779 879127726 5717746
259161051 259325263 8504265
681841977 683306477 6792105
1225459 943117468 441663
1322486 512241049 2655156
112120412 117103843 9425314
707397946 707799042 6717465
984471 529397206 2511935
624160723 631701747 6978875
1431509 841837833 1108801
100994705 101756492 9555496
1207399 793555819 1314803
321175190 321811789 8310362
442870474 443439526 7774192
1211931 186045135 4371462
142581705 155724866 9309508
998851 375291736 3306517
1278982 789032730 1340521
502985935 506401139 7531500
1283776 655654877 1845576
345744361 347015349 8219140
986297 460247758 2876402
199451028 200264211 8975725
1075370 511474904 2703115
789132501 790410951 6364763
714401076 716173626 6685317
537690920 540956367 7231809
347015349 349952397 8216210
266134926 268296135 8443585
1019247 217083756 4097940
745746401 752356459 6553203
110662055 112120412 9428884
327612120 328133449 8296561
1104345 454754483 2909799
1546649 229064448 4044632
905249336 906964782 5608830
1341920 819080575 1169213
1109979 636289766 1982340
699336936 706361165 6745068
1471467 95393581 4794054
768745335 768942253 6494983
1115183 92340017 4800415
817564091 820127425 6122915
340255362 343018297 8276257
1342679 511799609 2670644
106226055 106790003 9481566
668325224 669189107 6819726
1422658 684077425 1720199
1101757 679378647 1736640
1400019 718325750 1510816
1022151 706380025 1661722
515423705 517532391 7390900
1235778 121162241 4656240
1277345 541857095 2469934
943349975 944120172 5348086
809718590 810013768 6210255
939318789 941178393 5382988
418145838 420559305 7846250
1185481 993400698 1623
798977108 806054162 6294680
1539347 876952584 878823
1352755 318564185 3619335
