999
671372000 680268290 410
680268290 682034294 409
4561930 331311775 217
592829462 595149808 436
408754066 414061912 473
98953495 100424290 574
399825128 400258967 478
4880371 494492176 162
2613703 966258052 20
442503845 448968392 468
324198802 325014437 498
817735536 825361033 373
150134377 150501633 561
5263240 112226295 283
4363658 243136037 242
4039089 95888045 288
881948718 885120518 360
3273762 236719629 244
720672725 722224829 400
2436139 941694171 31
3099983 969363425 19
4713392 888472039 42
998026301 999956427 312
182394927 183430567 557
938638069 942503189 341
347813941 348298429 487
5061433 176951967 273
506113793 509946063 454
869787305 872884750 363
3061720 273436032 236
425873371 427590683 470
894730258 901490192 358
964756540 965598310 330
4585287 620398890 124
3650526 101414317 286
405658208 406006608 475
905471882 905558807 356
2409258 227786495 249
4336298 182901323 273
414061912 415648429 473
43330310 46715256 592
41141858 41463944 593
4199968 54282790 302
833213739 837839156 370
119901992 120550160 567
456084285 456897899 465
2971223 153714413 277
2561811 172254782 274
579495595 590791273 437
811485740 812940137 374
3032318 226241645 250
781208905 784423924 381
2185050 80245921 293
619271488 619844944 428
650996864 655709726 415
118823995 119576437 568
4686554 649780326 114
2600808 559017811 146
422311777 423552920 471
4143665 13579515 311
4535191 747354060 91
2744539 813165069 64
82189515 82966685 582
5267213 575541114 141
288944447 289125521 521
219126296 225351674 545
3173148 605119428 129
1674965 317716925 222
5178016 267249718 237
16102449 17604798 598
600665316 601433043 433
3455063 201839668 263
2177304 642454398 115
5251971 807118041 67
1810237 402272149 193
4467448 81053403 292
351371405 351599750 486
619844944 621468675 426
249228737 250595089 538
2538775 702088421 102
265331450 265853740 529
96247736 96447576 576
5185952 466092708 168
2590556 953214406 28
173167931 182394927 557
3978094 905501215 38
5268795 290426835 235
2820778 596401814 135
894526813 894730258 358
3587010 750976428 90
973043239 973620859 325
806480063 807959809 376
324089239 324198802 499
4817529 994438290 6
4786950 794556275 71
789095433 790306881 380
2181756 540809798 153
200519150 200746163 554
200746163 201021367 554
553758851 558726851 441
2574652 967863247 19
3795549 132275522 280
321053143 323128391 500
96990393 98953495 574
1909987 958774839 27
1889605 978109543 14
293646398 294855001 515
2603609 931946415 31
921585216 923545202 347
2493636 455573746 173
724149099 724321984 400
707293246 707728506 405
916893811 918193396 349
375246304 376854098 480
2298619 774703554 80
2479558 122217898 282
1827143 73271733 297
304935408 305640592 508
2764798 477762781 167
427590683 430489347 469
729221709 735151802 397
4880733 917198995 36
2511389 324197053 219
2082471 104950097 284
4892123 557009194 146
3884029 306710599 229
3824832 881684689 42
4712967 23403056 307
3171508 718128264 98
3079465 866173025 45
28631208 35154036 593
488874050 493239634 458
2772392 826288435 60
5041846 320783320 221
5220117 905854758 37
2650583 806388986 68
4642747 597051661 134
3339280 217217445 253
309710170 309771594 505
865146563 868204099 364
250595089 251313188 536
423552920 423864064 471
1888368 759380841 85
4374089 944698567 30
130454207 131007938 566
863242158 865146563 364
4083022 159285408 276
201958522 202021093 553
2533961 623681417 122
2538474 289091915 235
227034927 228362501 545
349236838 350468304 486
4010553 480603393 167
1691393 780815126 77
2882062 832899469 56
280784048 281482071 525
469370607 469614077 462
3431963 117873164 283
75939638 80264901 582
320219264 321053143 500
74956504 75325530 583
2061054 541827947 153
1826994 924725209 35
2624436 187477391 271
982918322 982950974 320
385631582 385752836 479
976390883 976472622 322
189156655 189584959 556
265853740 265881646 528
4602453 724316700 97
364216255 364546554 484
2418833 60299627 299
3820813 791912866 73
592232379 592829462 436
2164358 28816234 306
488759624 488874050 458
3508860 585172997 139
267723337 276558006 527
501650572 502332141 455
3703092 36067157 305
96447576 96990393 574
3081128 973398384 17
767551276 768248526 385
1780873 699072089 103
1881954 518309856 159
369801633 373249719 482
487503932 488759624 459
3674836 136613452 280
4772025 723044733 98
4740804 232965452 244
4256186 488802505 162
2356472 781391184 76
41800490 43330310 592
947365761 949443516 337
872884750 873304361 361
966258102 968800486 327
456897899 459158391 465
833038697 833213739 371
893006962 893646226 359
3914848 762377815 84
2718856 160595558 274
4021103 109145027 284
4189163 856431639 47
541817655 542094480 447
924705029 924889874 346
2040492 767825100 81
3877597 619552534 124
352997916 357817472 485
437577915 442503845 469
958700178 958945432 332
4355679 994961967 6
2187469 954521303 27
471786245 474200341 461
2309075 863017842 46
3332148 893998355 41
54607893 56790018 588
453970647 454443292 467
46715256 51783011 592
784423924 785366935 381
4767184 487046167 163
225351674 227034927 545
3902599 720726280 98
2021710 473124055 167
3491682 360466438 208
2023117 591230683 138
633422459 636000225 418
4506260 54197370 303
159008941 160447491 560
57378556 60072859 586
3390833 493124847 162
1658990 977629156 14
5112203 898029190 38
1743775 371511216 203
480537795 480764799 461
1757637 280002306 236
4779296 385650458 198
368537843 368830822 483
2915805 789381024 73
5243597 920963768 36
286189378 288944447 525
378916810 385631582 480
2978948 627568737 118
2197097 622575160 123
2774880 798851022 69
2760680 712471566 100
2118935 168278836 274
3166836 594982143 136
4764872 740134522 91
4017296 409703678 183
691766120 694727580 408
631599054 633300899 420
2248827 765869091 82
2908321 423689030 181
760740811 763902532 386
5087730 454180965 174
4968942 615219725 124
666827782 667605776 412
2529980 52006349 303
868204099 869787305 363
465954127 466015070 463
317327205 317867190 501
953871537 954612267 333
3683627 903095202 38
969586304 970933732 327
3990117 627520117 119
5216965 572363132 141
621468675 621804140 424
843501729 847657968 368
512186377 516653672 453
525110040 525293775 451
517063230 519543514 452
880309001 881948718 360
923545202 924705029 347
119576437 119901992 567
906200622 906702647 354
907590989 916893811 350
344476799 346687959 490
2395875 287328670 235
1702054 949495124 29
109081510 110411121 571
373249719 374223926 481
213572948 214495972 549
3418410 228803491 247
4218052 885166633 42
3819274 430894779 177
5201503 289811779 235
826519709 827745376 371
4289464 250266809 240
800922291 806331191 377
4602468 671168346 109
3282056 987669880 10
117536327 118823995 570
526989669 530970349 451
516653672 517063230 453
4414953 98633924 287
305640592 307127205 505
994790677 995751702 314
189584959 191590203 556
4657097 826644441 57
150501633 155125073 561
4574987 408394042 183
906702647 907590989 353
830304109 833038697 371
4623846 259919670 238
20995641 23403280 595
2617124 422395298 182
251313188 253667804 535
368830822 369801633 483
2200852 964673045 26
812940137 813175440 374
3946147 150303813 277
2680205 318374251 221
420743841 422311777 472
88632439 93510690 577
1906039 893076103 41
2899442 74594314 296
2564156 232240173 245
560319917 564898792 440
2503829 525636114 156
451863051 453637164 468
4690832 599367403 130
2790179 626636363 121
4948155 81747819 291
110411121 117536327 571
519543514 524190701 452
4952452 812397391 64
702176137 707293246 405
2661827 891882630 41
601433043 603025171 432
2290515 635332835 116
3395150 779415409 78
75325530 75939638 583
4590705 603116461 130
847657968 849041943 368
4407099 924346322 35
4950426 322548833 220
244642822 249024850 541
4366027 693020219 104
758040473 760689146 386
2984170 874499073 43
983132311 983959367 318
1871322 741950849 91
920909599 921585216 347
949855946 950458405 335
669945737 671372000 410
751340118 751594086 394
52977226 54273896 589
4972282 777789886 79
611237509 613793489 431
649388324 649727398 416
862479005 863242158 364
983959367 984444564 317
200191836 200519150 554
486414236 487503932 459
281482071 286189378 525
3851029 966014367 23
5192523 664358433 111
4525711 772870165 80
4345026 55742829 301
454757648 456084285 466
2017686 612020470 125
5260673 450549898 175
3397609 724593483 97
2659628 936898755 31
633300899 633422459 419
838831179 840846254 368
990675596 992918498 315
3607447 323999427 220
662756054 663255692 413
976472622 978067514 321
4223731 971212311 18
628754536 631599054 421
3177962 988546474 10
3164686 736264970 94
1673704 591041700 138
4780458 993056010 6
88184563 88632439 577
2677359 598154752 131
4138360 926509011 34
3204477 927996205 33
480764799 482374188 460
494283242 501650572 456
4156479 553707515 146
4866381 200995785 264
1689502 87013703 289
160447491 161095760 559
364546554 366083952 484
1791163 862230702 47
643875793 649388324 416
3210163 9240905 311
4700315 669505273 109
4608953 868784591 45
1752588 667341424 111
5173020 319169499 221
575093439 577287349 438
785366935 789095433 380
640875276 643875793 416
5290072 338283038 213
2803712 192132826 268
2484703 632246959 116
2882366 732844974 95
1877666 40648435 305
888542630 893006962 359
773528480 774815909 383
301760066 301933128 509
5059009 406030888 186
3347274 751731144 88
86794988 88184563 578
4795721 870716757 44
3275784 198191089 267
5255065 250698463 240
2682021 984476411 11
2728407 215649890 257
1990866 336800891 214
763902532 767551276 385
2969988 704605954 101
240421908 242779946 541
120550160 127297260 566
315414594 316495274 502
551942699 553453244 442
968800486 969586304 327
2598251 260869860 238
3236110 785347749 75
962234545 964756540 331
1642170 5330073 599
4440105 328974092 217
4947943 305205791 229
317867190 319089316 500
165489590 171814892 557
208379927 213572948 551
196700219 200191836 555
5209935 64337377 298
794703095 796598732 378
5330073 13504359 599
5251413 347190189 213
3254451 235084854 244
3135840 16547022 310
973620859 974027217 324
851324733 860620256 366
4292150 823145039 60
885120518 885926539 359
2296813 535468690 154
4668164 103457643 285
2083775 425394067 180
406136840 408184624 474
4809011 961785901 26
309771594 310090738 504
711613770 713318227 404
131007938 134960656 565
366083952 368537843 484
4376926 609553555 125
63072246 64498353 585
609399061 611237509 431
3402993 454691732 173
735151802 737474699 397
627545619 627631336 422
982950974 983132311 318
82966685 85544501 581
5181928 41611344 305
4346799 344611834 213
85544501 86794988 581
2319243 835400337 53
38642253 41141858 593
2252715 793534453 71
423864064 425873371 471
3785277 163277141 274
5121626 549249758 152
792634040 793679155 379
3865141 976414391 15
408184624 408754066 474
2483985 362219416 208
2831820 728474889 95
636000225 636511642 417
942503189 944550104 341
2014873 186271318 273
737474699 737507691 396
4826091 202015594 262
837839156 838831179 368
4708942 208323201 261
196246034 196700219 555
406006608 406136840 474
2875170 84842269 291
348298429 349236838 486
4895055 865092131 46
776203141 777165028 383
20285309 20995641 596
1778641 414080817 183
143536482 145514168 564
4049289 452090244 174
81431399 82189515 582
2337915 525243525 157
265881646 267723337 528
325014437 328941952 496
1819363 251938113 240
3078254 625490095 121
813175440 817735536 373
1923928 25635940 306
292646295 293460846 516
4070510 751610964 88
1932804 427510063 180
2380446 82663048 291
261273785 263100286 529
625547302 626963734 423
395119262 399825128 478
2225545 848188558 50
4679129 450472082 176
362294677 364216255 484
103947687 109081510 572
482374188 483230996 460
4159017 511624051 161
2130223 54527408 301
5101894 983158279 11
595149808 596470854 435
3162925 943047907 31
3186353 577455905 139
3163517 828607883 57
649727398 650071320 415
918906790 920909599 348
127297260 130454207 566
957215927 958700178 332
668165411 668829429 411
3122664 549396527 152
3171366 795705618 71
4679269 301836685 232
4044513 285026622 236
4529235 769145003 81
3691591 344400824 213
242779946 244642822 541
290745014 292646295 518
2691160 906311869 37
944550104 944950308 339
234813784 236317763 543
4343032 145836548 279
3874820 75903469 294
965598310 966257977 328
217157906 217218361 545
232798717 234813784 543
905558807 906200622 354
796598732 796792959 377
750255450 751340118 394
861914615 862479005 366
3110681 96461919 288
751594086 751696784 392
538673625 541817655 447
361826636 362294677 485
293460846 293646398 515
5230641 407504809 185
41463944 41800490 592
4994286 726069942 96
351599750 352997916 485
551131317 551942699 443
4127293 316253102 227
4776564 364074087 207
469614077 471786245 461
577287349 577665699 438
307127205 309710170 505
137377302 143536482 564
4157061 514100400 161
840846254 843501729 368
4381370 210195893 260
3983983 502303316 161
3581041 916201011 36
4485251 293628227 233
4028191 58455783 300
928846952 931489076 344
2641062 945283256 29
202021093 208267674 552
3211794 304613180 231
5243568 694811347 103
2241030 474706432 167
2688381 982962121 12
319089316 320219264 500
3687611 351185495 210
3342368 453690494 174
4433269 644834842 115
665443603 666827782 412
228606376 229407239 545
56790018 57378556 588
4508609 161488309 274
80264901 81431399 582
1873914 567705788 142
232124338 232344165 544
5072973 50586860 304
54273896 54283415 588
2686372 52963561 303
4670068 440649211 177
2763212 700309708 103
454443292 454757648 466
2325108 239660900 244
385752836 386916414 479
232344165 232798717 543
774815909 776203141 383
249024850 249141804 541
893646226 894526813 359
466015070 469370607 462
790306881 792634040 380
2313382 143994898 279
2483951 232605480 245
698850840 700043587 406
4383143 680391755 106
4371189 572062254 142
253667804 255901657 533
74595530 74956504 583
4412701 860629551 47
1762568 470046820 167
3234891 965108815 24
549482185 550071336 443
2535087 348883998 211
304218881 304935408 509
1791263 369473064 204
1754601 74878712 296
572170269 575093439 438
3373147 263922914 238
3398266 621686391 124
263100286 265331450 529
3968986 985781907 11
4508113 405717727 186
3547384 332659450 217
4052962 526545642 156
255901657 259769021 532
334647646 337628869 493
2578688 309961614 227
860620256 861914615 366
713318227 717525593 402
2562617 538517514 154
2967944 120462593 282
798953927 800419787 377
450538879 451863051 468
974027217 976390883 323
2429238 503865540 161
3573498 364385392 206
2524292 130642280 281
603025171 603926902 432
402681544 403685340 476
3407455 973699545 16
4007249 649512549 115
5199362 458701540 171
599201591 600665316 433
3469330 493845741 162
386916414 395119262 479
724321984 725132274 399
532551187 534178023 449
4857949 377240952 200
615695216 617174627 430
323128391 324089239 499
238774779 240421908 542
525293775 526190551 451
3460561 958263630 27
54283415 54607893 588
259769021 260421170 532
4908169 562153317 145
4702278 324797437 219
753794743 755647235 391
146091621 150134377 562
827745376 830304109 371
3205780 349463998 210
493239634 494283242 456
5173481 403805849 190
4204882 368659970 204
526190551 526989669 451
617174627 619271488 428
2843570 592422640 136
483230996 483780640 460
403685340 405658208 475
93510690 96247736 577
2262463 679365932 106
448968392 450538879 468
4839905 565950402 144
577665699 579495595 438
1772218 100293668 287
502332141 506113793 454
346687959 347418616 489
483780640 486414236 459
3701162 991634275 8
13504359 16102449 599
3691559 314019342 227
3996738 61335101 299
779484525 781208905 381
984660997 986226476 317
794499084 794703095 378
3245174 202883372 261
134960656 137377302 565
5115081 469528360 168
5264910 980489074 13
4668485 96284583 288
725132274 726938430 398
4228697 20080529 308
2473034 241850293 243
5082577 656495256 112
2263345 265876789 237
4977613 996029980 3
707728506 711613770 404
4126004 931055253 33
2801705 796728529 70
536171560 538673625 447
430489347 437577915 469
598109675 599201591 435
2095656 138279678 280
768248526 769205270 385
4378703 776524552 79
1965484 19181181 309
760689146 760740811 386
2861218 919753839 36
2976810 415671616 182
4208746 794086440 71
825361033 826519709 372
850218464 851324733 367
558726851 560319917 441
260421170 261273785 532
924889874 927907735 346
5281769 292389328 235
1695544 849775753 50
3537639 400404870 194
5193249 88287422 289
332928304 334647646 494
3805366 384614274 198
3660868 23489661 307
2261456 551375842 150
3296308 810627642 66
682034294 691766120 409
2783288 838056326 52
2235132 482932678 166
17604798 20049525 597
162123340 165489590 558
289125521 290288622 520
570689733 572170269 439
2399967 838919731 52
5096734 249074875 242
214495972 216222047 549
474736734 480537795 461
954612267 957215927 332
591146952 591302527 436
5247067 348069791 211
2754720 707900911 100
3750913 938439121 31
2399892 998813528 1
694727580 698850840 408
2139154 609127090 128
3053530 547970551 153
400461830 402681544 476
3320582 531848268 155
171814892 173167931 557
4812224 399904240 194
4738371 793954531 71
474200341 474736734 461
100424290 103012447 574
4070231 972251833 17
459158391 465954127 463
3763433 216231351 256
52026407 52977226 590
2181137 529024530 155
949443516 949855946 336
931489076 936848486 344
994283463 994790677 315
800419787 800922291 377
3072928 299448226 232
217218361 219126296 545
3335294 229552710 246
4414765 519713570 158
201021367 201958522 553
984444564 984660997 317
3095900 650852652 114
2667221 147562303 278
3518627 655002025 113
316495274 317116059 501
2227559 220126965 251
944950308 947365761 338
980338501 982918322 320
995751702 995996304 314
347418616 347813941 488
548415658 549367689 445
4379596 975476068 16
622988393 625158434 423
936938719 938638069 342
3739806 20882670 307
564898792 567518908 440
2190385 378561144 199
702024866 702176137 406
4483223 833060187 55
4107543 483429392 166
5146445 633421385 116
2987609 249201666 241
249141804 249228737 539
4345897 44661709 304
986226476 988449839 317
655709726 662756054 414
3067865 485303412 165
64498353 72456363 585
567518908 570689733 440
4121933 245651268 242
663255692 665443603 413
885926539 888542630 359
746491944 750255450 395
4090861 592034876 136
294855001 301760066 510
4151817 637672953 115
35154036 38642253 593
772227756 773528480 384
2376402 970049818 19
3686708 351534728 210
3176801 668252567 110
3268351 947732743 29
4577623 217300368 252
849041943 850218464 367
779381909 779484525 382
2977245 509648119 161
377317682 378916810 480
1727983 666238717 111
970933732 971358293 326
3731360 281049105 236
5071040 189433721 271
4044553 984375923 11
777165028 779381909 382
971358293 973043239 325
4032340 872901617 44
625158434 625547302 423
60072859 60748333 585
605326416 605568743 431
103012447 103947687 573
2281142 813257947 61
301933128 304218881 509
3777441 922874660 36
276558006 280784048 526
918193396 918906790 348
927907735 928846952 345
958945432 962234545 331
988449839 990675596 316
2325913 800578791 68
338605618 344476799 490
332234836 332928304 494
626963734 627545619 422
4625181 386710675 198
415648429 420743841 472
2044529 190024809 270
2088233 228534177 249
155125073 159008941 561
3591254 119899681 282
4406306 255475039 239
509946063 512186377 454
2236414 357652018 209
3600162 785463885 74
751696784 753794743 392
901490192 905471882 356
4968228 347533325 213
4007022 755708506 86
145514168 146091621 562
3301576 128686933 281
74590659 74595530 583
2824515 524827239 157
5281087 265633465 238
4470900 92478922 289
1937115 196502508 267
591302527 592232379 436
636511642 640875276 416
310090738 315414594 502
1829608 387173881 197
3879432 552904428 147
621804140 622988393 424
769205270 772227756 384
2851923 667921881 110
3084676 67936401 298
952170913 953871537 334
995996304 998026301 314
4680159 737496555 92
374223926 375246304 481
3290579 549735922 151
936848486 936938719 342
740770626 746491944 395
4485012 327081474 217
3612095 119066860 283
290288622 290745014 518
1805197 578982537 139
722224829 724149099 400
4104100 262532088 238
229407239 232124338 544
3961486 456872180 172
613793489 615695216 430
337628869 338605618 492
3607612 636497671 115
794083577 794499084 378
3417622 56811850 301
183430567 186549930 556
524190701 525110040 451
873304361 880309001 361
2104623 157252846 276
550071336 551131317 443
3361007 894719951 40
596470854 598109675 435
3296006 805306233 68
191590203 196246034 555
978067514 980338501 320
4736403 760693766 84
603926902 605326416 432
350468304 351371405 486
4604382 799739456 69
4747331 628112788 118
726938430 729221709 398
2721060 714826090 99
4516973 41391308 305
317116059 317327205 501
549367689 549482185 443
966257977 966258102 328
4043480 950363013 28
453637164 453970647 467
806331191 806480063 376
2848624 516736130 160
1706904 907143106 37
2313596 602113096 130
51828739 52026407 590
400258967 400461830 478
534178023 536171560 448
4817579 200569584 266
328941952 329030546 496
530970349 532551187 450
627631336 628754536 422
2058138 402825542 191
2149044 688485301 106
2014229 460035001 171
4220257 293285879 234
3224596 75123401 296
4092539 42504514 305
4300593 366681183 204
1714936 882844192 42
700043587 702024866 406
5305922 200216999 267
3052953 365766557 206
228362501 228606376 545
329030546 332234836 496
3257413 918634005 36
807959809 811485740 376
4297377 550495832 150
3457120 601019703 130
590791273 591146952 436
2684729 605338817 128
3734770 629164390 117
1964851 373312152 201
2684953 982932836 12
51783011 51828739 591
4081904 532945347 155
3445440 850388319 49
1661067 707527748 100
4727644 396744384 196
667605776 668165411 411
755647235 758040473 390
4211394 214047027 259
737507691 740770626 395
2281995 303375455 232
992918498 994283463 315
2547926 466009875 170
4746107 334424560 216
236317763 238774779 543
1919116 316933170 227
2271223 481675303 166
3771900 995966346 4
4638970 51805840 303
376854098 377317682 480
4941800 317129826 226
4416905 307840498 228
161095760 162123340 558
950458405 952170913 335
3185726 841207947 52
5056691 751512253 89
668829429 669945737 411
605568743 609399061 431
20049525 20285309 596
2294313 755466941 88
4116575 662777080 112
796792959 798953927 377
60748333 63072246 585
23403280 23573073 594
23573073 28631208 593
1877854 950524722 28
186549930 189156655 556
1707027 776105075 80
4366392 847459757 51
3594686 293828201 233
2589931 956712225 27
72456363 74590659 584
4417557 769738263 80
216222047 217157906 548
717525593 720672725 401
2750461 618861655 124
3455815 374502881 201
542094480 548415658 446
2537569 615805254 124
1652965 488395176 163
208267674 208379927 551
650071320 650996864 415
2487251 309764702 228
2937651 376167250 200
793679155 794083577 379
2766135 443511425 177
3634401 421952827 182
4897830 351879420 210
3556728 429560119 178
553453244 553758851 442
4338753 85598539 290
357817472 361826636 485
3349735 259393490 239
