50
359090162 838625038 7923674
366903122 768467391 9567735
687994409 882968549 6568837
610537455 806130492 8084136
242040508 583819043 6179980
764166960 918474165 5768399
8317084 964633582 6049804
373465655 894063445 757126
308495487 417798123 9083804
837269277 855271359 4495110
415777818 741500873 4784668
803714742 920148147 6341899
964760624 984009094 6467906
888078517 889441210 9747460
631880695 707904733 7473506
673220055 989838771 7282304
858737844 922511734 3374973
171054653 278134816 4096726
102474562 162936783 7055886
981572782 987817292 3183379
894598736 948945927 8800272
710100769 780942983 9159593
521555056 959687146 828628
424108578 943419797 938197
198850131 576444375 983682
850893048 986901769 7043665
730231872 977735086 4149229
51592965 299060120 683708
567080994 897861252 6378012
452996348 890258662 8126406
742568764 925267929 2673045
156318616 787660731 1654432
36143119 812544513 720492
510453506 896480331 5124515
138090681 391359139 7567117
689193480 762915127 379456
761334329 907619171 4737990
712605298 763271465 4891688
436048361 997429806 1630360
964362463 964865152 5498684
838576970 855520253 6918464
217851987 492749396 2584759
619002252 793743903 152704
547673670 930378634 3509146
26447561 283360185 9915443
859086368 897072533 2696537
26529066 60969057 7698577
875990589 929316963 8120004
720330027 788608431 926911
123999291 894728733 3376184
