50
679346140 923716213 9765346
998116988 999332347 278957
317143651 391696577 1403587
972368424 977146999 4659513
641772051 889444289 6167527
836929229 992407173 9359965
673301653 885080477 3584190
903918545 957413420 8982228
996238108 998241162 6594042
226724102 666767388 2039089
382160023 933791937 9156482
447666230 736954231 1331059
74828156 284870561 9911991
772529914 880650028 4882151
724761364 745496986 7029478
593355362 917347691 1297726
890581205 929236115 2809614
535709060 803053400 8218990
476976833 526424566 6612179
636566322 851600291 4996046
386346911 993929915 9033282
107041853 702501056 7354605
409006969 555223967 5213896
682605441 902183806 1992755
358283834 603761589 1422701
527514813 731641483 8252987
834142029 937313441 4379861
433619359 777648464 3265648
249455713 917402076 6391033
854785718 999465195 7650022
767726144 815191501 1208738
805140114 817441665 5636475
639169952 868728594 4919335
161999330 984512284 8679727
592545624 807630597 3730152
606752494 827115974 8671041
306345742 451518071 8674954
516302828 648356805 3736074
717353771 892712429 5059956
996306000 998671190 4018462
747990162 767153144 6558730
779344794 877538835 5541025
955735420 974280077 2016169
138716866 627756834 2916839
19293530 79099599 6814052
577672720 620730972 5641552
537929214 925714675 4689405
771919476 908948268 8919906
849088854 963491518 9828902
540569711 982425170 283047
