50
235840109 919279033 9274353
235840109 919279033 9308841
235840109 919279033 6173624
235840109 919279033 3636817
235840109 919279033 3058123
235840109 919279033 7315073
235840109 919279033 9394692
235840109 919279033 293368
235840109 919279033 5216415
235840109 919279033 6177878
235840109 919279033 8658447
235840109 919279033 7995155
235840109 919279033 7280015
235840109 919279033 6522547
235840109 919279033 4767734
235840109 919279033 3050039
235840109 919279033 9588943
235840109 919279033 8084054
235840109 919279033 5203368
235840109 919279033 2211308
235840109 919279033 7426218
235840109 919279033 630195
235840109 919279033 6275817
235840109 919279033 925104
235840109 919279033 8651261
235840109 919279033 3496303
235840109 919279033 6261585
235840109 919279033 3896305
235840109 919279033 9740858
235840109 919279033 6318181
235840109 919279033 633035
235840109 919279033 9019926
235840109 919279033 4206183
235840109 919279033 606373
235840109 919279033 710678
235840109 919279033 8206455
235840109 919279033 9654684
235840109 919279033 2552176
235840109 919279033 3084359
235840109 919279033 4686048
235840109 919279033 2076681
235840109 919279033 2846525
235840109 919279033 9753925
235840109 919279033 8294547
235840109 919279033 2871149
235840109 919279033 6540983
235840109 919279033 8088268
235840109 919279033 2656578
235840109 919279033 7474976
235840109 919279033 6368189
