50
29340887 982906987 6630088
29340887 982906987 5437683
29340887 982906987 2652743
29340887 982906987 3243628
29340887 982906987 6441087
29340887 982906987 9418876
29340887 982906987 388497
29340887 982906987 9329874
29340887 982906987 5867625
29340887 982906987 3702834
29340887 982906987 9898599
29340887 982906987 9352256
29340887 982906987 9395392
29340887 982906987 3321342
29340887 982906987 8632998
29340887 982906987 1276051
29340887 982906987 7406375
29340887 982906987 3011278
29340887 982906987 529874
29340887 982906987 3596777
29340887 982906987 9659935
29340887 982906987 4533137
29340887 982906987 5302544
29340887 982906987 3305893
29340887 982906987 9639571
29340887 982906987 6228414
29340887 982906987 4070954
29340887 982906987 7838703
29340887 982906987 867405
29340887 982906987 5598413
29340887 982906987 508174
29340887 982906987 9415473
29340887 982906987 7583742
29340887 982906987 332988
29340887 982906987 9744975
29340887 982906987 1947546
29340887 982906987 9221178
29340887 982906987 8934667
29340887 982906987 1941538
29340887 982906987 9178911
29340887 982906987 2414201
29340887 982906987 2095680
29340887 982906987 5180259
29340887 982906987 7656565
29340887 982906987 3227288
29340887 982906987 5734756
29340887 982906987 242318
29340887 982906987 6025241
29340887 982906987 3804886
29340887 982906987 1651717
