50
18799615 808599316 3
18799615 808599316 2
18799615 808599316 2
18799615 808599316 3
18799615 808599316 3
18799615 808599316 3
18799615 808599316 1
18799615 808599316 3
18799615 808599316 1
18799615 808599316 3
18799615 808599316 1
18799615 808599316 1
18799615 808599316 3
18799615 808599316 2
18799615 808599316 2
18799615 808599316 3
18799615 808599316 3
18799615 808599316 1
18799615 808599316 1
18799615 808599316 3
18799615 808599316 3
18799615 808599316 3
18799615 808599316 1
18799615 808599316 3
18799615 808599316 1
18799615 808599316 2
18799615 808599316 3
18799615 808599316 2
18799615 808599316 1
18799615 808599316 3
18799615 808599316 1
18799615 808599316 2
18799615 808599316 3
18799615 808599316 3
18799615 808599316 3
18799615 808599316 3
18799615 808599316 2
18799615 808599316 1
18799615 808599316 1
18799615 808599316 2
18799615 808599316 3
18799615 808599316 2
18799615 808599316 1
18799615 808599316 1
18799615 808599316 3
18799615 808599316 1
18799615 808599316 1
18799615 808599316 1
18799615 808599316 2
18799615 808599316 3
