50
243801 284385 6899490
284385 324969 7818696
324969 365553 7783717
203217 243801 7462525
203217 243801 3442221
40881 81465 8733260
406137 446721 2895716
40881 81465 8111208
40881 81465 6599517
446721 487305 6517702
324969 365553 9416535
162633 203217 2186879
243801 284385 4095041
324969 365553 4293242
40881 81465 4422273
406137 446721 9899210
40881 81465 6536176
324969 365553 9594452
487305 527889 3997353
487305 527889 8671156
406137 446721 1852547
324969 365553 699488
446721 487305 8005467
446721 487305 6686094
487305 527889 8493590
40881 81465 1127379
203217 243801 9709797
81465 122049 9499020
122049 162633 995275
40881 81465 9332481
297 40881 3945180
365553 406137 8437318
365553 406137 2051014
162633 203217 2217956
203217 243801 5220629
40881 81465 5247929
487305 527889 2940594
203217 243801 3573660
81465 122049 5503020
162633 203217 8652484
40881 81465 8118714
284385 324969 4121450
40881 81465 5378048
365553 406137 4624939
203217 243801 6387473
203217 243801 3438643
40881 81465 5710260
406137 446721 377240
243801 284385 3301227
81465 122049 632451
