50
44459 88033 3
88033 131607 2
44459 88033 3
88033 131607 3
218755 262329 2
131607 175181 3
44459 88033 1
885 44459 3
218755 262329 2
88033 131607 1
131607 175181 3
175181 218755 1
44459 88033 1
175181 218755 1
305903 349477 1
131607 175181 2
44459 88033 1
885 44459 1
88033 131607 1
262329 305903 2
44459 88033 1
175181 218755 1
44459 88033 1
88033 131607 3
131607 175181 1
218755 262329 2
88033 131607 3
131607 175181 1
262329 305903 2
131607 175181 1
131607 175181 2
88033 131607 1
88033 131607 2
175181 218755 2
218755 262329 2
131607 175181 1
218755 262329 2
262329 305903 3
218755 262329 1
262329 305903 1
262329 305903 1
885 44459 2
88033 131607 2
88033 131607 2
131607 175181 3
44459 88033 1
175181 218755 3
44459 88033 1
262329 305903 3
44459 88033 2
