50
40 2699 477343
10676 13335 8885940
23971 26630 6788988
15994 18653 658131
13335 15994 8749294
10676 13335 9360083
8017 10676 5953330
2699 5358 6680269
26630 29289 6787555
10676 13335 7734191
23971 26630 2133371
2699 5358 3140192
21312 23971 9148186
13335 15994 1546919
21312 23971 428934
5358 8017 2902733
21312 23971 4181235
13335 15994 9159936
18653 21312 9694851
2699 5358 7012729
10676 13335 4295439
18653 21312 8135905
18653 21312 7444135
18653 21312 7268464
13335 15994 7878487
18653 21312 9280471
18653 21312 1985196
40 2699 5054944
18653 21312 3515382
18653 21312 5978066
10676 13335 9550798
5358 8017 6545817
5358 8017 6736474
15994 18653 4484390
18653 21312 5924303
15994 18653 9865876
10676 13335 218039
21312 23971 6158475
15994 18653 1944307
8017 10676 678249
15994 18653 5974275
10676 13335 8439582
10676 13335 6376837
8017 10676 3859543
18653 21312 8024699
13335 15994 649822
2699 5358 5836753
15994 18653 2593600
15994 18653 15645
5358 8017 8064047
