50
61209 69846 1
138942 147579 3
156216 164853 3
750 9387 1
87120 95757 2
156216 164853 2
61209 69846 2
138942 147579 1
199401 208038 3
750 9387 3
35298 43935 1
147579 156216 1
52572 61209 3
190764 199401 3
173490 182127 2
26661 35298 3
199401 208038 1
18024 26661 3
69846 78483 1
182127 190764 1
182127 190764 3
113031 121668 2
182127 190764 3
190764 199401 1
87120 95757 2
130305 138942 1
95757 104394 1
113031 121668 1
43935 52572 2
78483 87120 3
87120 95757 1
208038 216675 1
52572 61209 1
113031 121668 3
199401 208038 1
9387 18024 3
147579 156216 2
61209 69846 2
147579 156216 3
164853 173490 3
173490 182127 2
182127 190764 2
87120 95757 1
104394 113031 3
61209 69846 2
199401 208038 2
173490 182127 1
69846 78483 1
121668 130305 3
173490 182127 2
