50
353333194 853333194 5876343
305149533 805149533 4418744
418671470 918671470 882693
227981622 727981622 3392750
217392742 717392742 5359871
313201223 813201223 8694213
411637283 911637283 9793168
380354275 880354275 8416505
291271673 791271673 2988070
177540479 677540479 5126476
128195744 628195744 7539573
221500470 721500470 4184962
215808180 715808180 1241587
344476230 844476230 5387494
328502070 828502070 6510301
89855121 589855121 6453188
429468426 929468426 3444401
360097821 860097821 1085805
159858295 659858295 7405106
80276 500080276 1819062
45146282 545146282 1676264
118418117 618418117 7693432
245540659 745540659 7083933
315960865 815960865 2239634
64369541 564369541 904544
446043967 946043967 174947
295516538 795516538 7918086
297923416 797923416 1753808
262681806 762681806 8709540
18910923 518910923 779844
490458271 990458271 6243734
200625051 700625051 3975211
369788148 869788148 5238524
99881964 599881964 3180150
186398259 686398259 5764024
83390601 583390601 3970714
483138472 983138472 2507633
196857441 696857441 98448
43639557 543639557 7897362
295761926 795761926 2901719
492447964 992447964 1398091
132589612 632589612 5324526
437296679 937296679 2349199
33527088 533527088 7441626
377450689 877450689 1838997
263717007 763717007 3139366
108919275 608919275 8372952
316645994 816645994 139742
341568200 841568200 9959703
105321481 605321481 4699539
