50
1 2 2406815
1 2 6412031
1 2 9584324
1 2 5281972
1 2 8551401
1 2 5701225
1 2 1729872
1 2 526142
1 2 7346287
1 2 50520
1 2 8759709
1 2 8764847
1 2 4421634
1 2 5766548
1 2 1624126
1 2 9412225
1 2 430423
1 2 180518
1 2 5049064
1 2 2543153
1 2 6492937
1 2 2442589
1 2 8152313
1 2 2233150
1 2 3934611
1 2 1684811
1 2 4273520
1 2 8887981
1 2 8904920
1 2 5713863
1 2 6338927
1 2 3926918
1 2 2277917
1 2 9239147
1 2 8042814
1 2 1480022
1 2 8161676
1 2 8124821
1 2 3510857
1 2 7346221
1 2 4860465
1 2 1104104
1 2 5358495
1 2 1538975
1 2 9282559
1 2 5339722
1 2 3487348
1 2 1622597
1 2 2511561
1 2 7606117
