50
1 5 3360911
1 5 1265066
2 5 1185333
2 5 2202897
2 3 7912305
1 5 2264314
1 3 1866551
1 5 2451486
1 5 9521360
1 4 3478627
1 5 6343508
1 5 8449141
2 5 355308
1 5 7819173
2 5 9436999
1 3 223746
2 5 727898
1 3 5648694
2 3 8704732
3 4 9923235
1 4 8679937
2 3 4141886
1 5 2544885
2 3 3809195
1 5 147357
3 5 3025434
1 3 8092682
3 5 8282466
1 5 547390
1 2 9236188
1 5 7454114
2 5 2553985
1 3 2570312
1 5 2533063
2 3 9663198
2 4 9194425
2 4 4760562
1 5 1797205
2 4 9198445
1 4 1230635
2 5 9048009
3 4 7406387
1 2 8665494
1 5 1804399
2 4 9707565
1 5 6262978
1 5 3869875
1 5 7941135
2 5 1868113
1 4 5499286
