50
1 30 6712227
2 26 5228456
3 20 9882319
10 27 3340745
1 30 3074071
4 10 356370
1 6 7354719
4 20 1355936
4 30 5759808
12 14 4066607
1 18 7212142
12 20 9195178
8 28 2614249
6 30 5063537
1 29 3345512
2 9 3183466
3 22 4309891
8 19 7901387
1 15 9508639
27 30 5950758
9 10 7176735
4 13 9717942
1 20 1399241
7 30 8768105
12 18 4236535
1 28 1101742
4 30 8258431
1 5 3844096
10 23 1724900
1 21 3192499
24 29 9524158
3 27 8270591
10 27 459111
3 4 9775051
12 17 6594920
1 28 9772475
7 11 6810787
5 10 1683324
4 26 1490753
6 28 2091087
5 28 9384415
5 28 5174869
3 27 6806644
1 26 1551514
11 24 7587206
7 17 3244388
2 22 4923406
6 20 8453693
24 29 6549289
10 29 3244991
