49
598479970 631486519 6362899
44503449 565894259 1480110
380671342 558317746 6869523
40178301 121265595 3005177
33633339 648867729 1335156
17010062 851715589 321189
26635119 682629344 1232696
112443560 123387163 9129505
824598500 841686021 4505721
14641230 367534061 1914923
238286594 254477549 8955225
44757039 91628935 4101108
20923694 451715839 1868779
25474977 254799877 2656862
736985959 773572906 5095853
17345943 56340367 4130620
106131744 112443560 9187345
254477549 255245494 8234108
20027773 806089006 996960
46449657 319386157 2055310
52035211 962792074 49793
815580849 824598500 4569802
25085327 841593192 422493
123387163 191657352 9062097
72412110 106131744 9225053
12734590 52057450 9570681
631486519 671829186 6025680
50396400 108784936 3055431
25964457 349227965 1922698
46993045 185232102 2909753
49337350 777411336 1090210
52057450 72412110 9447090
255245494 316096927 8098942
558317746 598479970 6736710
961192821 964208102 4426546
346502520 352220398 7562948
18734698 238981013 2661817
24730094 231569270 2672858
316096927 346502520 7673018
671829186 736985959 5667199
841686021 961192821 4486934
49709327 767933288 1186754
352220398 380671342 6929225
773572906 787443297 4970963
21038830 275855798 2345425
28006142 610677387 1408757
787443297 815580849 4674201
191657352 238286594 8990985
18166457 820305674 617359
