49
16468103 626944527 7
16725315 696279164 3
178149559 185300972 27
465150342 465353310 20
853424664 943677196 13
573544688 642380252 18
185300972 197473163 27
35390132 982656380 1
35270233 278722188 11
27108631 913640821 1
45150563 193947927 12
41562965 642477115 6
150501656 178149559 27
102922127 150501656 28
13586320 91241939 13
28918535 393172265 10
27776752 571672714 7
12519069 688137597 5
23831473 139036237 13
376002323 401353470 24
9994523 47982652 30
643526817 675592595 17
14262901 178854268 12
13957477 815391082 1
311447836 331082807 25
283254966 311447836 25
32967767 361955855 10
224708356 283254966 25
465353310 573544688 19
401353470 439246932 23
28241504 211879052 11
197473163 224708356 26
42607735 465248022 8
17988332 310139868 11
41252084 177052666 12
47982652 102922127 29
793110815 853424664 16
34531796 666590527 6
43920317 457267481 8
692721785 699732943 17
642380252 643526817 18
439246932 465150342 23
331082807 376002323 25
14105475 790224270 2
30303896 405316619 9
37748639 327475305 10
943677196 991859416 13
699732943 793110815 17
675592595 692721785 17
