999
1122006 731889987 1
993994822 995666882 1
741114389 741143684 1
1322829 11580171 1
1007698 463988352 1
1370226 864560082 1
1086745 949157541 1
325305600 325417652 1
840031755 842913600 1
705320414 706188905 1
1440071 705448504 1
157406579 158893996 1
2305291 142224307 1
1927885 89792158 1
1671020 198705116 1
841815 486476797 1
1614302 961970663 1
943642758 944177333 1
761601945 763227162 1
1764050 880644325 1
287162616 287280753 1
406879565 408190655 1
1659787 769397582 1
809880679 811744388 1
2216735 689665041 1
2101338 998251587 1
250057362 253731934 1
1978280 510746432 1
925642802 929296052 1
1139276 409669913 1
230601698 232955764 1
549596593 550348563 1
1169202 83298370 1
916590617 918594540 1
2062189 465143986 1
412286436 414757809 1
2225789 19078421 1
2122625 147751607 1
769474308 774291139 1
546020060 548906964 1
2158658 884138355 1
1466412 940104699 1
214959659 215907831 1
2532733 691566791 1
2267270 982039861 1
2014587 265484851 1
310843016 311218319 1
839202758 840031755 1
666996759 673968427 1
749091685 752830385 1
161333124 164531520 1
982676 154666540 1
966052174 966130302 1
1978850 244544978 1
1032705 787115764 1
1937952 28548048 1
1456043 982866445 1
72158896 76533672 1
52547832 53651240 1
1162987 39856497 1
2546520 403200129 1
585398218 590806003 1
505270879 507881889 1
646590593 647157123 1
592536605 594534987 1
67796927 72158896 1
491418246 491885255 1
2012970 236566642 1
1669181 9933117 1
2508188 974330918 1
804037487 804801371 1
1489727 909002645 1
857403471 861995483 1
604822778 606838363 1
995666882 996554580 1
355403630 357356622 1
384515614 386851934 1
2336746 475406430 1
799853 490890384 1
494369392 495196697 1
1434895 213327482 1
172470829 172690356 1
932333104 932467089 1
1956529 244652284 1
1147397 223741643 1
511684388 513538499 1
109964029 111281026 1
1518919 989397975 1
729702242 731748114 1
1991656 160430408 1
551219294 556101642 1
394198585 397623882 1
911008649 914117832 1
2438452 658927035 1
341155779 341418983 1
691492204 692332136 1
28716446 29192414 1
1735704 208726689 1
947816860 950806174 1
516927043 517015758 1
1152024 475497609 1
1151793 132497097 1
213029105 213553331 1
757826522 758699989 1
963828794 966052174 1
957585 854913823 1
1192462 128273496 1
55372252 57401812 1
899366400 900532125 1
1566221 853774992 1
2434042 351077317 1
1508882 930342171 1
517015758 519618506 1
1505945 192160199 1
899937 108321283 1
2236307 529692298 1
1438572 439064895 1
1273372 719469860 1
1268477 674021524 1
175933255 177872645 1
193094114 194134879 1
973741 164540333 1
2110697 299585934 1
1750254 657227187 1
409363148 410451114 1
556101642 558603619 1
895192789 899366400 1
790847 198125413 1
363152505 369325501 1
519619874 521333750 1
485564542 487959397 1
380173887 384515614 1
996776 380898689 1
712670628 716890358 1
918027 508119546 1
296943917 297162758 1
337626113 340272717 1
651188651 652308917 1
341725918 342278589 1
408190655 409363148 1
453530030 455035570 1
769309744 769474308 1
158893996 161333124 1
1242893 869189054 1
263410941 265250942 1
530172222 530945654 1
873626 124644009 1
1293614 496233798 1
480623376 481237433 1
1805781 98289726 1
2312995 177384634 1
476572232 479709167 1
1524025 268524481 1
859441 441416460 1
867457 491894295 1
1454093 804757317 1
2275858 99661548 1
2468183 37259767 1
775121206 784190316 1
720528634 722367776 1
2436202 839839247 1
1936831 728359428 1
386851934 387434236 1
139660535 141583468 1
167337815 172208474 1
533274467 533560039 1
1987393 216005393 1
2404102 28939639 1
1733135 496248275 1
229643092 230601698 1
177872645 189097921 1
2515629 53517417 1
638823604 641181081 1
716890358 719899618 1
1431257 166100107 1
568668369 571551093 1
933206929 935053693 1
537319809 537472281 1
2113476 549453163 1
192162082 193094114 1
536282688 537319809 1
475439396 475554439 1
1115881 770152163 1
130748439 130798005 1
930689401 932333104 1
694914918 697290818 1
2432551 212708251 1
828940934 833007301 1
935053693 943642758 1
1739801 228182524 1
2205488 706376562 1
25934399 25970076 1
561476219 568668369 1
2170495 528618365 1
1318688 87787337 1
343097853 348634608 1
614825492 618939796 1
2266073 835887070 1
1615507 158595696 1
6169180 6305810 1
2012066 661198667 1
1492403 368666186 1
491885255 492116946 1
1715417 643932658 1
439161968 440256591 1
1334432 476015777 1
822716735 823121131 1
611518141 612178730 1
995115 33398585 1
996908985 997299291 1
1585084 434950435 1
2513066 472955015 1
1711670 270079728 1
99118197 102806435 1
1052655 723224750 1
1182262 308168515 1
406543424 406849078 1
609878000 611518141 1
2238963 931922291 1
2297133 613886173 1
102806435 105239904 1
2166556 172481992 1
1719954 130795903 1
1063846 251901182 1
1036627 62220289 1
1947020 261824823 1
95220401 97240852 1
959687 411784568 1
929296052 930689401 1
1686837 227371266 1
1663148 769229338 1
865915 828639839 1
236560203 236586960 1
665073285 666996759 1
1901868 516993306 1
1729599 530575784 1
1282265 840852952 1
92756282 95220401 1
20311774 25934399 1
2447867 377414624 1
2108245 975475176 1
819383 643887813 1
153343554 154276059 1
2434045 809871566 1
1692172 453858712 1
1231431 6229922 1
1395580 784279384 1
271397562 274907115 1
1261391 260956617 1
947563918 947816860 1
849232679 850248240 1
1756056 262597978 1
643906388 644026636 1
27956522 28219442 1
823729 503522210 1
932850 512061952 1
1429311 829148731 1
813604 489479205 1
457626480 459469971 1
84658884 86407607 1
1848995 980439904 1
1003845 134272189 1
738129580 740578349 1
1278719 702288110 1
198809371 207746890 1
37263476 39851098 1
701507909 701823616 1
9511321 10660750 1
86407607 86970348 1
1770799 9152103 1
774291139 775121206 1
622745933 623296478 1
2185310 193139769 1
764138732 765445179 1
2232253 996327825 1
424282157 427359814 1
731964960 732072457 1
2087673 330039521 1
421945855 424282157 1
331251717 332522398 1
900987081 901563048 1
2133604 732122136 1
2568500 6023623 1
1335786 793823480 1
1393265 741116092 1
1836084 162845893 1
2217772 537700255 1
468004276 474515504 1
1774368 556645601 1
1787489 357396919 1
328812750 329645667 1
1435452 343873550 1
1559040 491405274 1
2508940 145771602 1
304679592 307607268 1
641634356 642064159 1
2106968 149498890 1
1433347 694777983 1
1455912 221682160 1
2136688 398236011 1
30150914 36204991 1
1590489 762083463 1
1854965 696298420 1
533560039 536282688 1
61459289 62019727 1
497055236 497513070 1
877449227 878115583 1
49419718 49744470 1
1634346 452265725 1
1994446 328849432 1
2150404 311038315 1
1793244 632748957 1
513538499 516354587 1
595936053 602990896 1
2418668 548271457 1
818485340 822716735 1
2254323 893818070 1
1224096 430340510 1
1316972 678353211 1
2090821 996722368 1
1680406 803986022 1
125307089 130748439 1
707607393 712217025 1
146355580 147355413 1
510861857 511684388 1
89927857 92756282 1
2371862 549775701 1
2424920 626494843 1
837690965 839202758 1
1979292 650250929 1
676552888 679516046 1
2561577 807200554 1
2383235 859049701 1
650936423 651188651 1
1865374 233524801 1
1313789 479667948 1
801257 431609950 1
28219442 28716446 1
963255 172234853 1
1185141 200899058 1
233372402 235013523 1
521333750 524287205 1
920401 335069073 1
2479468 61615586 1
516354587 516927043 1
1479167 331271584 1
633035511 638823604 1
794565 573487523 1
213553331 214959659 1
142307097 146355580 1
654908363 656456413 1
1973920 401113501 1
1202888 111159892 1
2188998 499005362 1
780848 2568500 1
688809748 691492204 1
211862627 213029105 1
1469908 342879908 1
1754498 813250370 1
1068383 774912287 1
261893506 263410941 1
194134879 194903818 1
133893303 136724617 1
490978421 491418246 1
1355785 406747253 1
650099117 650491656 1
441309084 441534209 1
884695791 893814106 1
1408708 560893524 1
1137257 707333721 1
1189828 679937842 1
1850910 357982832 1
674078141 675904462 1
307607268 309231252 1
1138136 764179911 1
893814106 893826981 1
1190602 722502965 1
620843515 622745933 1
156981850 157406579 1
1042140 659026204 1
2202635 693341938 1
2491818 825517845 1
2005996 475583153 1
841214 758974196 1
786395591 791106742 1
1971502 835238831 1
996554580 996908985 1
2299006 645811190 1
793494220 793856033 1
1061644 415898865 1
124773689 125307089 1
2529202 973198522 1
254736809 260435903 1
869200 340901702 1
151117643 153343554 1
482496428 485564542 1
222226797 223947887 1
1943490 583360800 1
406849078 406879565 1
378721633 380173887 1
1326221 528216954 1
2087582 58946755 1
810820 876985626 1
922500 455925157 1
1073735 545071494 1
414757809 415137328 1
490848903 490867330 1
2350263 296954045 1
631282919 632905353 1
984404 97074480 1
833007301 835795842 1
1076050 493586872 1
112098393 117732861 1
1658114 843214630 1
1518112 6097790 1
342278589 343097853 1
1918712 275320582 1
602990896 604822778 1
644026636 646590593 1
658967482 659098757 1
647157123 650099117 1
725574961 727435821 1
189149912 191739287 1
1184714 966097777 1
1997260 744161096 1
236586960 244330093 1
786251752 786395591 1
1862267 407490035 1
2173627 245150020 1
463669314 463990339 1
221052699 222226797 1
420242581 421170449 1
1292517 420445828 1
1551172 385169930 1
36204991 36850417 1
1715847 309400695 1
790557 810202237 1
862537 722659481 1
818069 488154448 1
173502545 175933255 1
1945783 56772474 1
1388161 642513898 1
434744288 434968728 1
2230502 781250085 1
1630069 485375340 1
1846176 652310500 1
763227162 764138732 1
1600861 170331105 1
62019727 64649874 1
794561 536802512 1
934922 356785648 1
1470207 311398213 1
652400068 652851777 1
297162758 299582289 1
1733413 397757117 1
1190222 249599676 1
369325501 378721633 1
781225 755672966 1
784762 304042970 1
1798490 139097455 1
675904462 676552888 1
571551093 573023139 1
25970076 27956522 1
784587308 786251752 1
57401812 60169781 1
1961020 29638249 1
1934447 881468650 1
706188905 707308814 1
1941015 652737704 1
2149082 991243266 1
449185428 451430035 1
975507310 979232727 1
1711201 464647982 1
326474085 328812750 1
172208474 172265926 1
697290818 701507909 1
693821142 693920023 1
434968728 435844298 1
1516154 36846025 1
727435821 729702242 1
97240852 98160819 1
701823616 702229992 1
189097921 189149912 1
1933670 409158203 1
813677790 818485340 1
874869318 877449227 1
207914915 209645562 1
2398647 905042869 1
558603619 561476219 1
387434236 387513803 1
881403346 883864043 1
88391016 89927857 1
2239876 494926425 1
49744470 52547832 1
642064159 643296610 1
1016327 655044380 1
1692506 422299703 1
1961381 969766346 1
2540000 727340383 1
1479950 49578183 1
843578466 845566771 1
758699989 761601945 1
537538333 544291496 1
489481140 490848903 1
1883884 874487769 1
2155061 608936083 1
590806003 591060618 1
98160819 98360450 1
2019806 792064352 1
2018550 821786727 1
172690356 173502545 1
1769808 109926240 1
594534987 595936053 1
1899239 621701052 1
1346728 174286224 1
2089451 489832843 1
693920023 694914918 1
492116946 494369392 1
244997920 245408297 1
2488207 611603090 1
510419987 510861857 1
805560 795936198 1
979232727 981208509 1
789767 813099633 1
740578349 741114389 1
64649874 65552681 1
1424759 273831977 1
998894 619805656 1
951995600 956307196 1
2362385 232483780 1
966130302 969764477 1
944177333 947563918 1
908377204 910615726 1
901563048 908377204 1
236329861 236560203 1
1419556 42467733 1
2097352 451332585 1
978369 847525989 1
591060618 592536605 1
357404240 359804623 1
309503689 310843016 1
1665292 54789535 1
1094192 9499703 1
1111718 151343418 1
311218319 314675305 1
455035570 457626480 1
850320 510414335 1
1687579 481252611 1
1899870 52436491 1
880330712 881403346 1
495196697 496244103 1
463990339 464660970 1
1137640 121099045 1
874334254 874505971 1
164558630 164926088 1
281624832 287162616 1
267972304 269511308 1
415137328 419293253 1
990709932 991046751 1
1797218 79774142 1
632905353 633035511 1
784190316 784587308 1
474515504 475439396 1
1880026 341220593 1
1811955 504452165 1
1347813 264240518 1
736906143 738129580 1
859286 309992362 1
1439340 969298566 1
1395917 523927749 1
842913600 843578466 1
1339059 49414014 1
959857285 962740073 1
117732861 122487905 1
398322467 401356976 1
429277998 431367549 1
451430035 452024800 1
1796139 962812445 1
1112621 517595190 1
2479366 947670044 1
1145502 751117760 1
657356521 658967482 1
1412549 215529232 1
784691 957105277 1
1233559 693882024 1
245408297 250057362 1
397623882 397760013 1
825585386 825663035 1
950806174 951995600 1
1681286 387468652 1
1377650 74478118 1
1305058 153849247 1
1183837 974888481 1
2136265 98522141 1
1597778 38841587 1
1344877 414160683 1
1249578 157178756 1
359804623 363152505 1
2359181 825631240 1
2461286 731978359 1
956307196 959857285 1
403954832 406543424 1
652308917 652400068 1
1785069 740886114 1
1211924 86618424 1
975005088 975507310 1
130798005 133893303 1
1243883 638284337 1
1084805 900600123 1
932467089 933206929 1
731748114 731964960 1
314675305 325305600 1
392115173 394198585 1
2255203 849029724 1
122487905 124773689 1
2481966 442040252 1
2303049 646689827 1
1518838 824940406 1
813126736 813677790 1
1741270 480038435 1
894826 66689269 1
440256591 441309084 1
49399779 49419718 1
530945654 533274467 1
1762147 823015441 1
2505614 531260505 1
618939796 620843515 1
198601020 198809371 1
1648060 676260641 1
883864043 884695791 1
2329900 701870644 1
1408531 641617778 1
207746890 207914915 1
652851777 654908363 1
991046751 993644873 1
1617740 254610384 1
524287205 528383118 1
1274680 65398920 1
910615726 911008649 1
1682535 295597062 1
2480841 652153033 1
2542873 514780918 1
2409455 297899764 1
886042 420210992 1
712217025 712670628 1
2430305 459600635 1
823121131 825127067 1
299648864 304679592 1
269511308 271397562 1
874505971 874869318 1
10660750 19049159 1
2449746 910823758 1
2380639 869005888 1
686204415 688809748 1
65552681 67796927 1
1624342 585538435 1
1791847 990944503 1
804801371 809801158 1
475554439 475610435 1
1032110 764051546 1
154276059 156981850 1
1516345 210509562 1
848295613 849232679 1
837533 712280721 1
148445049 151117643 1
625280444 631282919 1
1377161 325999086 1
1658208 437126949 1
719899618 720528634 1
98360450 99118197 1
864951 894072296 1
224437173 228015453 1
974350991 975005088 1
2296949 194285195 1
2201071 440789976 1
1656672 306071024 1
2320308 736498516 1
2113943 491575245 1
1320434 758174520 1
1887578 640001098 1
2415404 392482837 1
419293253 420242581 1
879846 915566740 1
1891662 976132576 1
1889231 684724620 1
801686224 803661963 1
2074247 944547549 1
2225784 125124584 1
105239904 109787501 1
6023623 6169180 1
111281026 112098393 1
2286204 537525580 1
1262968 566917082 1
1812652 451577547 1
6305810 9276938 1
1998874 716448255 1
1311974 934295847 1
916888 878026971 1
1474266 342113994 1
2364126 997222413 1
1846835 426688592 1
464660970 468004276 1
2270846 965764630 1
1540793 497330421 1
503826816 505270879 1
519618506 519619874 1
857073682 857403471 1
529208625 530172222 1
1450586 230373109 1
1992461 490861459 1
2245904 786285487 1
2252128 520798774 1
1063847 665431618 1
497513070 499112568 1
2295533 647701472 1
544291496 546020060 1
1587301 396419501 1
1883888 387122294 1
2491073 216814640 1
1986284 892867010 1
692332136 693821142 1
827142526 828940934 1
1077936 592550265 1
1331565 164877458 1
722367776 722534214 1
86970348 88391016 1
1570139 103839325 1
997299291 998849725 1
260435903 261020063 1
1997566 652985640 1
850248240 853853341 1
850720 42134842 1
2475979 943786471 1
1972252 623213075 1
1194043 242089367 1
962740073 963828794 1
1968056 213567318 1
1411681 839108415 1
348634608 355403630 1
82763878 84658884 1
1588415 583890116 1
984995822 986204785 1
2179086 857075502 1
732072457 732296500 1
1825434 584454332 1
1588556 341567039 1
147355413 148445049 1
1606067 324214813 1
681081453 684256151 1
1737613 950875209 1
244604188 244997920 1
211698474 211862627 1
2489061 97518846 1
9276938 9511321 1
19206370 20311774 1
76533672 82763878 1
1694714 40837125 1
1502729 192977167 1
1950780 721434712 1
36850417 37263476 1
1907981 379384592 1
1010154 506275387 1
583122935 583499129 1
1169421 23476768 1
332522398 334682739 1
1663048 739482318 1
329645667 331251717 1
299582289 299648864 1
969936247 974091585 1
986204785 990709932 1
2263983 224174533 1
215907831 216108199 1
1190422 826229487 1
811744388 813094526 1
707308814 707607393 1
1064073 854052999 1
2493805 511594676 1
401356976 403954832 1
752830385 757826522 1
899049 932504920 1
1620053 4871162 1
507881889 510334143 1
223947887 224437173 1
1259155 550544048 1
974091585 974350991 1
982444172 984995822 1
1810310 610926649 1
861995483 868747726 1
803661963 804037487 1
1880909 435790568 1
1748056 27975524 1
612178730 614825492 1
2409826 325382073 1
475610435 476572232 1
487959397 489463409 1
209645562 211698474 1
684256151 686204415 1
1161462 701652188 1
853853341 854483047 1
510334143 510419987 1
550348563 551219294 1
1085556 111540405 1
2549130 406869935 1
993644873 993994822 1
341418983 341725918 1
1642240 606185713 1
2061934 333695597 1
1568744 916943857 1
41725019 42273663 1
818638 189099832 1
902714 500040409 1
1407013 537332392 1
2068606 285076654 1
1597458 19526562 1
438349437 439161968 1
573023139 574273213 1
2354818 607183790 1
265250942 267972304 1
1010539 516919397 1
1938063 141532901 1
2054282 895563806 1
643296610 643906388 1
29192414 30150914 1
109787501 109964029 1
2488612 428578047 1
1229308 932343678 1
786501 61076920 1
1566527 604342794 1
2410970 414785883 1
845566771 848295613 1
309231252 309503689 1
673968427 674078141 1
578717667 583122935 1
1425334 47836746 1
893826981 895192789 1
2454463 687108498 1
490867330 490978421 1
1834452 211749747 1
2222979 91520891 1
607763487 609878000 1
1955675 724389760 1
537472281 537538333 1
435844298 438349437 1
583499129 584417251 1
2559678 391048871 1
1504084 682841449 1
809801158 809880679 1
136724617 139660535 1
650491656 650936423 1
2036760 572179348 1
854483047 857073682 1
459469971 463669314 1
819757 650785096 1
1862022 189629869 1
548906964 549596593 1
42273663 43747649 1
481237433 482496428 1
1865003 146441731 1
918594540 925642802 1
1759842 874763995 1
228015453 229643092 1
479709167 480623376 1
1479869 569367849 1
1892254 594554521 1
1916598 674609856 1
722920021 723676536 1
791106742 793494220 1
219552193 221052699 1
421170449 421945855 1
164926088 167337815 1
1567018 708757613 1
43747649 49399779 1
496244103 497055236 1
325417652 326474085 1
950344 985780493 1
1579137 172768572 1
410451114 412286436 1
878115583 880330712 1
216708930 219552193 1
40243923 41725019 1
869144178 874334254 1
60169781 61459289 1
1629682 812901671 1
452024800 453530030 1
1273093 720060312 1
2182162 900217965 1
2263506 911080971 1
502212085 503826816 1
1743891 219797866 1
900532125 900987081 1
1901876 519618575 1
261020063 261893506 1
1545178 624310302 1
1493603 953126358 1
194903818 198601020 1
1282737 440013823 1
274907115 281624832 1
444843717 449185428 1
1758865 994896754 1
216108199 216708930 1
825663035 827142526 1
1409063 927780204 1
2186816 580540851 1
2323859 92915012 1
981208509 982444172 1
723676536 725574961 1
2553592 326961020 1
702229992 705320414 1
287280753 296943917 1
2484625 389138437 1
340272717 341155779 1
390708120 392115173 1
2303725 25962629 1
659098757 665073285 1
253731934 254736809 1
1664111 730494526 1
1797611 533753798 1
765445179 769309744 1
623296478 625280444 1
2280362 216451149 1
908811 699444469 1
1534203 816805025 1
357356622 357404240 1
1977454 112166502 1
789578 69295178 1
2551604 901178121 1
813094526 813126736 1
431367549 434744288 1
606838363 607763487 1
1966691 803608894 1
1966126 879521874 1
2011991 641765530 1
1818452 338665578 1
2179276 449126813 1
748950246 749091685 1
1504229 993835442 1
1579060 259782260 1
53651240 55372252 1
397760013 398322467 1
656456413 657356521 1
741143684 748950246 1
1111453 185435748 1
1371524 26817072 1
1484780 552068392 1
793856033 801686224 1
1581507 784962263 1
172265926 172470829 1
969764477 969936247 1
232955764 233372402 1
1492364 287264247 1
235013523 236329861 1
441534209 444843717 1
1394949 480715050 1
825127067 825585386 1
489463409 489481140 1
191739287 192162082 1
2157451 458727381 1
914410 235515653 1
1262445 576646325 1
2197971 651135615 1
2375816 596648810 1
1757111 421470037 1
244330093 244604188 1
164531520 164558630 1
1729275 533390070 1
1798752 615083156 1
1565687 233015378 1
1735023 632942405 1
2430462 207860972 1
868747726 869144178 1
2265775 361217412 1
1224090 737948663 1
528383118 529208625 1
141583468 142307097 1
427359814 429277998 1
1722068 592522025 1
835795842 837690965 1
1110108 172411099 1
641181081 641634356 1
914117832 916590617 1
1282349 236390898 1
1980998 844042039 1
1906540 749048667 1
499112568 502212085 1
334682739 337626113 1
584417251 585398218 1
679516046 681081453 1
722534214 722920021 1
1665490 669034587 1
574273213 578717667 1
1989443 920608094 1
2433240 404449776 1
844672 850146229 1
2526155 590993361 1
39851098 40243923 1
1494905 86015611 1
19049159 19206370 1
387513803 390708120 1
732296500 736906143 1
