999
813289 626866102 2
859173 797338210 1
518456745 522015026 4
2116178 907686715 1
187385355 187777858 5
975913 974756305 1
1771721 85838389 3
782503540 784817158 4
625743737 628863819 4
817986502 827176052 4
341897428 342390886 5
991901 881609121 1
920173 859881773 1
703162599 703371000 4
2482436 656784845 1
792296 99508783 3
1914444 831251649 1
679959 31165304 3
2308473 185305270 3
656681089 658486761 4
835396715 840274664 3
1646035 12770398 3
875889899 877621985 3
582060541 586108847 4
2522920 207037766 3
1795539 175497978 3
588186028 589769880 4
127966909 129308769 5
851286389 851618709 3
155338796 156748541 5
2100301 205627887 3
271943938 274621986 5
1051784 611181144 2
2441238 403207353 2
833980008 834339711 4
2458711 412459853 2
184353324 187385355 5
2506402 668155865 1
701724510 703162599 4
1926969 644715390 1
577242651 582060541 4
987635 935212006 1
630324947 631633180 4
857533355 857595862 3
1870582 888798804 1
2530962 585855911 2
1245679 231184065 2
488458136 490238177 4
1388432 833313457 1
473430301 475327635 4
1634633 447292607 2
31677801 34537355 5
1820234 815551360 1
2282306 816347417 1
567296424 572012314 4
817654452 817986502 4
351597405 352763128 5
694549 762297442 1
369593867 370525636 5
745772160 748404382 4
2379950 978053045 1
1298795 853562679 1
871387799 875560298 3
577160972 577242651 4
976850876 978630488 3
799249 596061976 2
2444913 624398227 2
749870651 749905898 4
694968645 700120256 4
1814053 270220911 2
878647 695491556 1
2394740 968239424 1
2295027 202062082 3
1921635 412183205 2
978630488 981278016 3
1012197 733188727 1
403059041 405740892 4
634536615 637641861 4
2104930 788030160 1
1081532 952177148 1
92235207 95147524 5
1442949 949043260 1
659153228 661310849 4
260696178 261974580 5
2391023 633392578 2
2495213 71602472 3
175541391 177377116 5
259060508 260696178 5
1362981 336994838 2
452347730 453120543 4
840067 732819079 1
855207 659026108 1
139686913 141431731 5
1704365 463835523 2
620832263 623982416 4
288225624 289400665 5
614421396 614727457 4
726592 688562490 1
1331741 678666170 1
977973 240690414 2
641741051 644672364 4
557920214 563492181 4
1019507 198905689 3
1606512 522215092 2
858531708 861612626 3
88376475 92235207 5
2144236 610209322 2
523498257 524464379 4
1704796 294240146 2
31039311 31232427 5
1564022 285740515 2
205139378 205596369 5
830722070 831278962 4
301412616 304324326 5
168119614 168781475 5
156748541 159830327 5
725610839 727696071 4
170317636 175228553 5
1481312 449337186 2
935158772 935621746 3
319687839 323916566 5
715865 68631328 3
413949598 429660035 4
2319023 903575949 1
2214862 434458485 2
2130895 207436833 2
199960854 200590032 5
1704729 28846757 3
38037837 39332731 5
923392 318803383 2
1012450 154230947 3
228716139 228929462 5
1134728 406025864 2
827176052 827817514 4
1638938 14274849 3
97524421 97983711 5
121073451 125528235 5
1736025 748547216 1
2096656 3439202 3
1462314 829424935 1
1901947 629361202 2
231586737 235297894 5
1107626 145430013 3
117476931 121073451 5
796324776 797022961 4
1840520 190305253 3
2430850 477846299 2
1801571 837291470 1
1571661 39555541 3
444404318 444532396 4
2539855 313781389 2
2497603 289411562 2
224587615 225320749 5
245520549 246120360 5
2085963 876414582 1
1804661 650320144 1
2548408 193628607 3
779878876 781410862 4
314309331 315230837 5
1318684 681726396 1
641009616 641402066 4
901124354 902867441 3
574975124 575061897 4
667983267 668512900 4
349127616 351597405 5
24383749 24648067 5
106177008 112681902 5
2125479 741729855 1
677088228 677417808 4
1219891 923645341 1
249198667 251817077 5
490238177 490880224 4
4202038 6195919 5
681296392 681740684 4
1745919 146560933 3
728528873 732791139 4
190227993 190393079 5
764948 140403937 3
291528251 293054548 5
2001269 798271833 1
2380798 725544857 1
810673510 812764470 4
572012314 573216522 4
1322032 770182061 1
2361851 97716500 3
1038716 454207083 2
1390493 942242325 1
1511789 918928626 1
1791415 781963108 1
996038858 997116666 3
1991579 615058948 2
70738240 71914341 5
851618709 854308565 3
760290994 760332854 4
1842376 932198397 1
191437015 192821236 5
1156181 450846576 2
103973990 104526458 5
1481697 675777659 1
1761324 304394528 2
920962320 921164287 3
2173140 798645607 1
2140327 56134562 3
1551199 174113432 3
2275384 513703711 2
888767908 893041231 3
797022961 798218833 4
2335150 190574183 3
969561414 976143398 3
1371069 677893605 1
2267812 898387764 1
1052402 631331493 2
236848748 237378545 5
309398102 310332704 5
2536215 220375502 2
1991015 718464525 1
1884505 846504333 1
903330490 903465582 3
1759625 168521007 3
522015026 522547861 4
2359045 105677883 3
1151887 194069672 3
2136665 362300179 2
628863819 630324947 4
787549918 787917398 4
281600111 284942447 5
1688000 72214868 3
944673 787916295 1
1862989 700479056 1
1336711 235782707 2
784817158 787549918 4
1471322 771010502 1
2101104 573429360 2
1363685 269743563 2
205596369 205638094 5
1381890 326965049 2
1498860 317998583 2
674922 920293382 1
196030565 198183103 5
244927927 245520549 5
2261280 728490940 1
502781278 503004572 4
644672364 644995591 4
849310385 850639989 3
1728482 701926839 1
1167675 224745157 2
536339770 538398872 4
432993496 436875744 4
881203364 882314373 3
736890873 741847330 4
126085648 127308181 5
515910729 518456745 4
844456029 846464414 3
130732599 132173610 5
1797436 587294902 2
1504204 363845867 2
1639478 742651735 1
1320926 736169458 1
1387435 322559929 2
1129469 378078490 2
1877801 74081701 3
2203916 633986414 1
84460735 88134567 5
926685218 930951430 3
100188212 101237834 5
816579977 817654452 4
593305785 594223974 4
1072226 467354084 2
117389027 117476931 5
2134743 976489096 1
1454959 112271858 3
939387198 943059285 3
328820585 336177527 5
858695 576930655 2
112681902 113468101 5
529692743 536339770 4
798798341 800908509 4
988777 614654251 2
711313 127797129 3
989159732 995911707 3
563492181 563928895 4
2022971 641535401 1
773359 902102327 1
56149395 67578756 5
679294332 680943841 4
1196143 509569545 2
661310849 664739443 4
2525816 244935987 2
2303814 871187796 1
1219657 393497176 2
295918634 296043977 5
538398872 548416710 4
444532396 446693489 4
300508127 301412616 5
125528235 126085648 5
732791139 732826881 4
925100001 926685218 3
1716549 406740946 2
1594888 922055688 1
653883897 656681089 4
905464000 907845005 3
663901 2562942 5
623982416 624234180 4
464309163 464699421 4
905291788 905464000 3
1801679 625540978 2
2321251 344041269 2
816048868 816579977 4
1122521 835282718 1
1038153 722643102 1
1549644 311765588 2
846964 703393278 1
294767377 295868013 5
459954508 461011687 4
923222914 923985280 3
1580614 324050450 2
958350980 969561414 3
256646537 259060508 5
1647221 88364016 3
1968229 925910352 1
664739443 667983267 4
2432867 537045272 2
395214779 399693553 4
876026 95226058 3
1195362 197507387 3
206978784 207336017 5
310332704 312504962 5
2441023 284533667 2
759305 97025638 3
615078316 620832263 4
97983711 99102946 5
2047497 470140475 2
345422850 349127616 5
2339584 901087329 1
1770817 757114272 1
2390766 939067145 1
2376493 205581467 3
929367 552842532 2
509602611 513178738 4
2455363 292352592 2
1071024 76150815 3
405740892 406618366 4
2450118 827354751 1
1183898 573183791 2
700120256 701452090 4
896610 851013218 1
2212110 632802332 2
714757206 721017544 4
1785047 299347417 2
1104467 189288768 3
954831 663564290 1
1025257 848866894 1
644995591 645165443 4
1238736 760319623 1
1206315 143363058 3
23963149 24383749 5
2372624 228778521 2
2484712 314790339 2
1829756 604664013 2
800327 50036005 3
750446170 753991834 4
2342618 831929750 1
2370338 764981431 1
1911609 5520698 3
650833303 652114267 4
1280378 81047352 3
289712903 291528251 5
2250623 956266321 1
1993372 681199498 1
296043977 298242263 5
952121346 952921677 3
1027540 69161149 3
483496730 483610816 4
193057790 193934808 5
127308181 127966909 5
1731616 882788194 1
1323915 269441037 2
756234714 760290994 4
238085620 244927927 5
141431731 142543647 5
269598927 270157004 5
337195643 339488003 5
2095107 261080592 2
1210025 128665459 3
513178738 515910729 4
1834216 782350679 1
1070169 550303232 2
1286272 845244722 1
807985110 810673510 4
1051410 983387164 1
903465582 905291788 3
503004572 503192965 4
1264298 338114333 2
208187824 218988147 5
76402922 80699428 5
461011687 463648116 4
976399490 976850876 3
900549 984126557 1
714040583 714757206 4
645165443 647412114 4
1016580 854351420 1
1751274 72761567 3
175228553 175541391 5
192821236 193057790 5
1101761 857568087 1
791137188 792511527 4
336714537 337195643 5
482112776 483496730 4
1513636 438303772 2
1701643 834604595 1
1997445 474612016 2
261974580 268093145 5
673467351 677088228 4
14584000 23963149 5
1603595 199860560 3
2445230 678527215 1
658486761 659153228 4
181547112 184353324 5
1140092 130857937 3
446693489 449296705 4
889903 247388515 2
312504962 314309331 5
2488378 831403715 1
1597505 920983453 1
105715456 106177008 5
458981137 459954508 4
736866 680528943 1
95245482 96772509 5
948002397 948465878 3
2054735 25021455 3
499148524 500083330 4
1736856 206886217 3
907845005 917371034 3
2244330 704022474 1
1417688 750005124 1
490880224 491001767 4
769740573 770647599 4
854384815 855812997 3
589769880 593244149 4
464699421 468049401 4
611313176 614421396 4
1122143 500333434 2
436875744 442048408 4
2232938 165732897 3
2001461 347677279 2
764963414 765099495 4
712384668 714040583 4
719467 687266675 1
2025820 564658494 2
2399468 816936471 1
981278016 983827117 3
834661054 835396715 3
294326599 294767377 5
463648116 464309163 4
1532708 2594233 3
1608189 105134233 3
781410862 781620676 4
2470423 324687022 2
2559831 89231698 3
406783581 408110140 4
503192965 509602611 4
363758732 368709711 5
198183103 199344119 5
861612626 863554746 3
1197479 130693493 3
1019037 813210082 1
2006982 295059583 2
1564900 142285447 3
792751430 796324776 4
1885613 225388504 2
787917398 788171422 4
2519343 577161496 2
1685740 701499418 1
775823 651558067 1
647412114 649975636 4
924582 811694069 1
2042069 919033879 1
1704256 924808107 1
756387 216941410 2
959429 588586812 2
846552203 849310385 3
917723471 918921155 3
1647773 593247415 2
1689887 230474938 2
231125635 231586737 5
848211 726023343 1
1651391 851288115 1
1196272 647066196 1
902867441 903330490 3
324288059 324704277 5
2502806 249686013 2
1076963 936205718 1
2427558 53940417 3
2269764 193057350 3
840274664 842394327 3
2524648 274399323 2
701452090 701724510 4
1991100 723145426 1
846464414 846552203 3
594285530 597227609 4
368709711 369593867 5
2521259 948387789 1
2423424 987003769 1
99102946 100188212 5
71914341 72402425 5
406618366 406783581 4
597227609 608129816 4
1890386 288164568 2
688992091 690177543 4
69808477 70738240 5
2210875 548009767 2
481802005 482112776 4
748404382 748488623 4
376277124 381871915 5
2121950 368831772 2
921164287 923222914 3
963406 307084031 2
831278962 831876058 4
701739 490770735 2
475327635 475899703 4
800908509 807985110 4
1974997 103911332 3
228929462 231125635 5
2443795 856323545 1
285191901 285854590 5
390868641 393925417 5
491731661 499148524 4
872717 287004866 2
772624625 779878876 4
935621746 935791916 3
753991834 755484097 4
680943841 681296392 4
143540332 146290384 5
298242263 300508127 5
1891680 459081837 2
1005761 727808888 1
14127119 14584000 5
2140309 429792764 2
442048408 444404318 4
317900004 318042827 5
2326480 828314526 1
910731 101457358 3
318042827 319687839 5
2321378 349911234 2
594223974 594285530 4
919996 841288377 1
1073609 199712240 3
744664821 745772160 4
633329989 633684882 4
1740741 98524196 3
864030 624047013 2
324704277 325626481 5
1019980 402270204 2
986761526 989159732 3
993279 126507239 3
1639905 902964392 1
1441029 394797026 2
2255169 917499580 1
381871915 390868641 5
848016 803670189 1
2446170 120878943 3
101237834 102056439 5
919110049 920962320 3
834339711 834661054 3
566194868 567296424 4
193934808 196030565 5
573216522 574975124 4
129308769 130267891 5
177377116 181547112 5
2624241 3349855 5
315517817 317900004 5
723092025 723331797 4
2369528 668518158 1
893041231 897983902 3
1960380 898236542 1
328778177 328820585 5
430616360 432993496 4
857595862 858531708 3
765099495 766624680 4
1749558 865279380 1
40329166 53623698 5
307678322 309398102 5
146577282 149821414 5
2553058 729316474 1
1153596 721205364 1
723547 745783103 1
1129595 237068343 2
2140893 483179714 2
727696071 728486285 4
1956526 996934885 1
772820 873419481 1
207336017 208090361 5
102056439 103973990 5
687549861 688992091 4
833410700 833980008 4
325626481 328778177 5
342390886 345422850 5
703371000 703482671 4
190393079 190772290 5
1303789 714691686 1
1451529 843663080 1
2517519 526095301 2
1337264 667408368 1
703482671 705903093 4
819652 612705294 2
982888 484723523 2
271647470 271943938 5
815976 104231539 3
952921677 954362191 3
268544325 269598927 5
678143342 678605269 4
938165991 939387198 3
1686276 136182458 3
1383851 33978771 3
608129816 610385851 4
855812997 857533355 3
270157004 270303818 5
991919 11070603 3
289400665 289712903 5
218988147 224587615 5
1675137 88202157 3
206837484 206978784 5
154093938 155338796 5
138296585 139686913 5
168781475 170317636 5
370525636 376277124 5
760332854 764963414 4
323916566 324288059 5
1735228 445519059 2
1045062 138868763 3
412229546 412330697 4
9206057 11803965 5
2150175 260296748 2
393925417 395214779 4
918921155 918940846 3
295868013 295918634 5
707461 954180820 1
1010531 796651653 1
864239 958114215 1
2388230 106072066 3
2050608 917978880 1
1572233 980839728 1
2388615 995913238 1
1668845 935647387 1
2128705 170002401 3
863554746 868014157 3
285854590 287649856 5
1339683 563667282 2
813304959 816048868 4
1479251 208172926 2
529553965 529692743 4
412119896 412229546 4
721017544 721316973 4
306806499 307678322 5
1618243 69237402 3
1930398 491686626 2
2212016 19503636 3
884023408 888767908 3
205638094 206837484 5
339488003 341897428 5
624992306 625743737 4
1488205 7726272 3
268093145 268544325 5
56087413 56149395 5
429660035 430616360 4
2369742 927616593 1
854308565 854384815 3
2085162 497934669 2
764576 855488162 1
843367 660294564 1
152084840 154093938 5
336177527 336714537 5
11803965 14127119 5
1685217 523535357 2
475899703 478453189 4
1002322 884498962 1
705903093 712384668 4
251817077 256646537 5
933899 408746582 2
1221000 142585419 3
921213 529615599 2
287649856 288225624 5
897983902 898371375 3
2389959 342360447 2
1948616 903352004 1
274621986 281600111 5
1330109 442232538 2
1324070 483583848 2
2175585 566329409 2
2377640 188262268 3
1103900 432019989 2
1619639 944341549 1
610385851 611112928 4
785409 336369182 2
2327997 254725751 2
917371034 917723471 3
270303818 271647470 5
749730 204920380 3
2143608 387478495 2
1446992 117457266 3
877621985 878016147 3
75596899 76402922 5
1619096 464674702 2
199799819 199960854 5
1080835 412236528 2
586108847 588186028 4
827817514 828845927 4
2045443 499924810 2
524464379 529553965 4
2280579 315513602 2
1799134 297059396 2
468049401 473430301 4
935791916 938165991 3
788415 644489240 1
902063 290814793 2
575688305 577160972 4
1023552 489206743 2
53623698 56087413 5
575061897 575688305 4
449296705 450262769 4
2215978 285033858 2
478453189 481802005 4
633684882 634536615 4
721316973 722519966 4
315230837 315517817 5
235297894 236848748 5
872876 990258835 1
2300434 332136288 2
1147776 444424649 2
919062163 919110049 3
34537355 38037837 5
1590341 83306503 3
704696 31261498 3
918940846 919062163 3
1618681 503083284 2
1263152 38118708 3
1957949 295879019 2
159830327 168119614 5
1331119 129507298 3
409214935 409925067 4
770647599 772624625 4
2164038 190790716 3
1867306 862807773 1
88134567 88311244 5
135805294 138296585 5
1571395 677344273 1
237378545 238085620 5
766624680 769740573 4
735259034 736890873 4
2536542 591939740 2
104526458 105403864 5
202319764 205139378 5
1481136 271822411 2
868014157 871387799 3
1780712 398177610 2
831933262 833410700 4
1053586 308625522 2
732826881 735259034 4
355360294 363758732 5
1409287 645066774 1
130267891 130732599 5
718532 792582654 1
850639989 851286389 3
631727343 633329989 4
923985280 925100001 3
882366127 884023408 3
2562942 2624241 5
930951430 935158772 3
225320749 228716139 5
611112928 611313176 4
412330697 413949598 4
1134924 121080099 3
293054548 294326599 5
1925998 905453176 1
105403864 105715456 5
995911707 996038858 3
304324326 306806499 5
1709936 691733506 1
637641861 640950096 4
6195919 9206057 5
798218833 798552783 4
792511527 792751430 4
2554529 875796897 1
979263 781491095 1
3349855 4202038 5
409925067 412119896 4
1275116 267838929 2
831876058 831933262 4
2340668 724931503 1
848174 568838773 2
1142094 790320765 1
1909112 2844563 3
80699428 81578125 5
2074800 749893952 1
1627227 62963871 3
2449045 640952161 1
2289732 34835010 3
1503598 238074985 2
1618878 593894011 2
1537424 206075717 3
1555153 460496569 2
352763128 355360294 5
1691996 341267349 2
1436802 773226865 1
565084454 566194868 4
681740684 686662162 4
686662162 687549861 4
548416710 552089820 4
923898 155509098 3
2089495 114819196 3
1650244 610644966 2
400748106 403059041 4
748488623 749870651 4
1445146 857955640 1
522547861 523498257 4
1910497 176536864 3
1078926 671984542 1
722519966 723092025 4
1929836 919098044 1
1018768 703241111 1
1839730 689130067 1
96772509 97524421 5
1803428 510804488 2
1409633 126046837 3
624234180 624992306 4
208090361 208187824 5
2493088 594269168 2
1088957 179827711 3
1500869 268470215 2
741847330 744664821 4
1971320 191809138 3
961151 768804685 1
190772290 191437015 5
2415825 309842402 2
1370409 722383163 1
95147524 95245482 5
1743320 834032684 1
954805 151613051 3
1604930 653285226 1
983827117 986761526 3
798552783 798798341 4
1634497 257107220 2
755901 882351000 1
677417808 678143342 4
975619 234036237 2
2435754 818913466 1
146290384 146577282 5
500083330 502781278 4
1286597 750906666 1
842394327 844456029 3
1271432 635384969 1
1588231 475376018 2
1084318 96179098 3
641402066 641741051 4
81578125 84460735 5
2244384 523059898 2
2096991 783869374 1
563928895 565084454 4
725458613 725610839 4
1088869 407408687 2
943059285 948002397 3
1018462 79548693 3
2410421 833786780 1
2385894 682843034 1
149821414 152084840 5
408110140 409214935 4
188633201 189386510 5
1330166 148875813 3
2147443 565470203 2
652114267 653883897 4
749905898 750446170 4
453120543 457298581 4
1722012 113386868 3
458726898 458981137 4
1634153 411510994 2
113468101 117389027 5
878016147 881203364 3
670469245 673467351 4
1644369 800036136 1
900142835 901124354 3
1783872 559085864 2
2216251 187544634 3
1458296 182226662 3
755484097 756234714 4
284942447 285191901 5
882314373 882366127 3
1761854 325366106 2
2388903 713971624 1
1412269 779995269 1
2495234 575159967 2
812764470 813304959 4
956704 976257691 1
1067633 458838887 2
1712924 490900176 2
668512900 670469245 4
2322798 787152597 1
2494925 245979489 2
2514132 302213662 2
246120360 249198667 5
2034942 748404894 1
73977693 75596899 5
2171990 424192818 2
39332731 40329166 5
976143398 976399490 3
1241083 481946890 2
723331797 725458613 4
143066648 143540332 5
684186 200057678 3
954362191 957775188 3
1783207 913719088 1
631633180 631727343 4
1077945 480917272 2
67578756 69069776 5
2216872 352068609 2
593244149 593305785 4
69167318 69808477 5
25755193 31039311 5
1457641 371247188 2
914710 641143576 1
1734009 189522425 3
457298581 458726898 4
815668 316255935 2
875232 640474651 1
1421851 817750191 1
483610816 488458136 4
788171422 791137188 4
2385008 516471639 2
189386510 190227993 5
1137411 647526852 1
187777858 188633201 5
1625797 461399317 2
1566302 656433895 1
2405469 288497088 2
2136982 755669037 1
2017749 579032133 2
948465878 952121346 3
1795327 152643265 3
828845927 830722070 4
31232427 31677801 5
939846 409516065 2
1302069 328817884 2
1125489 529697682 2
2236147 575051902 2
898371375 900142835 3
88311244 88376475 5
132173610 135805294 5
781620676 782209347 4
1975481 94196013 3
640950096 641009616 4
2302625 791843899 1
1416602 809493284 1
875560298 875889899 3
2394366 24208732 3
1789195 70276654 3
2196031 879700577 1
2415361 452686320 2
69069776 69167318 5
1833435 616125120 2
491001767 491731661 4
1579626 100315509 3
769113 400510405 2
1423999 706037872 1
2304602 755062274 1
399693553 400748106 4
200590032 202319764 5
1922284 24593235 3
24648067 25755193 5
897205 294412890 2
1423482 502854617 2
733877 623821822 2
871584 369623355 2
678605269 679294332 4
690177543 694968645 4
2362511 353183658 2
72402425 73977693 5
1764383 795877195 1
728486285 728528873 4
142543647 143066648 5
2423282 766185420 1
2220880 894268544 1
731642 132696694 3
1847014 850189898 1
1944370 156782723 3
957775188 958350980 3
2534991 520791233 2
1185690 301066803 2
2191221 296025922 2
1641041 877954756 1
2070515 271623394 2
199344119 199799819 5
782209347 782503540 4
1084931 279502737 2
1894827 744680788 1
1711658 631715018 2
2326484 458440777 2
552089820 557920214 4
649975636 650833303 4
450262769 452347730 4
614727457 615078316 4
